,0,1,2,3,4,5,6,7,8,9,10,11,12,13,14,15,16,17,18,19,20,21,22,23,24,25,26,27,28,29,30,31,32,33,34,35,36,37,38,39,40,41,42,43,44,45,46,47,48,49,50,51,52,53,54,55,56,57,58,59,60,61,62,63,64,65,66,67,68,69,70,71,72,73,74,75,76,77,78,79,80,81,82,83,84,85,86,87,88,89,90,91,92,93,94,95,96,97,98,99,100,101,102,103,104,105,106,107,108,109,110,111,112,113,114,115,116,117,118,119,120,121,122,123,124,125,126,127,128,129,130,131,132,133,134,135,136,137,138,139,140,141,142,143,144,145,146,147,148,149,150,151,152,153,154,155,156,157,158,159,160,161,162,163,164,165,166,167,168,169,170,171,172,173,174,175,176,177,178,179,180,181,182,183,184,185,186,187,188,189,190,191,192,193,194,195,196,197,198,199,200,201,202,203,204,205,206,207,208,209,210,211,212,213,214,215,216,217,218,219,220,221,222,223,224,225,226,227,228,229,230,231,232,233,234,235,236,237,238,239,240,241,242,243,244,245,246,247,248,249,250,251,252,253,254,255,256,257,258,259,260,261,262,263,264,265,266,267,268,269,270,271,272,273,274,275,276,277,278,279,280,281,282,283,284,285,286,287,288,289,290,291,292,293,294,295,296,297,298,299,300,301,302,303,304,305,306,307,308,309,310,311,312,313,314,315,316,317,318,319,320,321,322,323,324,325,326,327,328,329,330,331,332,333,334,335,336,337,338,339,340,341,342,343,344,345,346,347,348,349,350,351,352,353,354,355,356,357,358,359,360,361,362,363,364,365,366,367,368,369,370,371,372,373,374,375,376,377,378,379,380,381,382,383,384,385,386,387,388,389,390,391,392,393,394,395,396,397,398,399,400,401,402,403,404,405,406,407,408,409,410,411,412,413,414,415,416,417,418,419,420,421,422,423,424,425,426,427,428,429,430,431,432,433,434,435,436,437,438,439,440,441,442,443,444,445,446,447,448,449,450,451,452,453,454,455,456,457,458,459,460,461,462,463,464,465,466,467,468,469,470,471,472,473,474,475,476,477,478,479,480,481,482,483,484,485,486,487,488,489,490,491,492,493,494,495,496,497,498,499,500,501,502,503,504,505,506,507,508,509,510,511,512,513,514,515,516,517,518,519,520,521,522,523,524,525,526,527,528,529,530,531,532,533,534,535,536,537,538,539,540,541,542,543,544,545,546,547,548,549,550,551,552,553,554,555,556,557,558,559,560,561,562,563,564,565,566,567,568,569,570,571,572,573,574,575,576,577,578,579,580,581,582,583,584,585,586,587,588,589,590,591,592,593,594,595,596,597,598,599,600,601,602,603,604,605,606,607,608,609,610,611,612,613,614,615,616,617,618,619,620,621,622,623,624,625,626,627,628,629,630,631,632,633,634,635,636,637,638,639,640,641,642,643,644,645,646,647,648,649,650,651,652,653,654,655,656,657,658,659,660,661,662,663,664,665,666,667,668,669,670,671,672,673,674,675,676,677,678,679,680,681,682,683,684,685,686,687,688,689,690,691,692,693,694,695,696,697,698,699,700,701,702,703,704,705,706,707,708,709,710,711,712,713,714,715,716,717,718,719,720,721,722,723,724,725,726,727,728,729,730,731,732,733,734,735,736,737,738,739,740,741,742,743,744,745,746,747,748,749,750,751,752,753,754,755,756,757,758,759,760,761,762,763,764,765,766,767,768,769,770,771,772,773,774,775,776,777,778,779,780,781,782,783,784,785,786,787,788,789,790,791,792,793,794,795,796,797,798,799,800,801,802,803,804,805,806,807,808,809,810,811,812,813,814,815,816,817,818,819,820,821,822,823,824,825,826,827,828,829,830,831,832,833,834,835,836,837,838,839,840,841,842,843,844,845,846,847,848,849,850,851,852,853,854,855,856,857,858,859,860,861,862,863,864,865,866,867,868,869,870,871,872,873,874,875,876,877,878,879,880,881,882,883,884,885,886,887,888,889,890,891,892,893,894,895,896,897,898,899,900,901,902,903,904,905,906,907,908,909,910,911,912,913,914,915,916,917,918,919,920,921,922,923,924,925,926,927,928,929,930,931,932,933,934,935,936,937,938,939,940,941,942,943,944,945,946,947,948,949,950,951,952,953,954,955,956,957,958,959,960,961,962,963,964,965,966,967,968,969,970,971,972,973,974,975,976,977,978,979,980,981,982,983,984,985,986,987,988,989,990,991,992,993,994,995,996,997,998,999
0,-8.392717661506623,-9.357963082678111,0.058606453533712966,11.530684213601319,12.44541652755845,2.4920247868482477,-7.364935268942645,-5.634222358024289,3.8292573907961014,5.217274099216013,-6.721613942053125,-19.18872502068882,-14.885508102537301,2.1875337595275255,8.481701109839321,-5.330964690460036,-18.880821871798616,-8.720993660795642,13.37799921774456,15.861014816822149,-6.340900839832244,-25.235303865659034,-14.996573544342482,10.48062343277985,16.44634754183221,-3.695887660174378,-21.8520204563564,-12.003239650946881,11.33855255681101,12.463303080638468,-13.300948475767314,-32.146665577664805,-15.760319960653419,16.09508236891014,20.55231209707148,-9.440100732933502,-34.992540870489165,-20.50540931403478,14.919095480653112,23.09782994537275,-6.765234914597272,-34.130970374161336,-18.403197997764792,24.118632565973712,41.89135328627296,17.392638340572347,-12.747771318967636,-7.263384407845535,21.293625188923727,27.016082689542415,-2.836499206910432,-30.0681478634731,-15.589994992707972,22.54865447764572,35.64023479250249,12.595492255787626,-11.9844768597641,-4.987114006552268,21.508941785658457,29.43081912348183,6.699298486672433,-17.62842852994264,-10.573167773259705,16.814110183424106,27.739047950019383,10.862015577558182,-8.624458119266365,-2.0530578543419153,20.45867657117725,26.73281796841131,8.341621515376687,-12.111396465706548,-9.999843619218197,7.155804231514821,14.358370135149016,4.7947843599093005,-4.42719098917766,4.912251958682063,22.307369847546852,24.57588057000234,8.004947737458465,-9.02098980050991,-4.918033430810723,14.863633164531251,24.89757686073844,12.78379055317049,-7.0506804242403405,-10.939849705657934,-0.6186049627864918,4.412828833765531,-4.106570024166814,-14.981487518656138,-10.471730727984351,5.558137972246811,14.879379852996777,10.778621660691002,2.2303140622345268,0.27523178372926793,-0.24440403082667217,-6.0249567812548435,-11.437221362626076,-10.106262015092057,-3.296997007626004,-1.4070145370990872,-7.407163959266768,-12.801836060129574,-11.452031734643924,-4.324549757782535,0.44841613090466126,1.356255043563408,1.2640534703705555,-2.785701215509164,-9.930632460037316,-14.890711323136088,-10.368581346873384,1.0208094168962987,4.263858828176922,-4.3088611752133374,-13.772633352404853,-11.281240551002554,0.7000680423450802,6.502649393238073,1.0475949952998889,-8.858553280717842,-9.96059769495946,1.5035840332978978,10.169468229364611,4.371151853753474,-10.25318045723725,-14.431073477741734,-0.5479536929179858,13.715879158332712,12.10176066488009,-1.9543388324113096,-7.901859048206859,5.031233768733102,19.396990492928154,15.312065417734729,-2.0035485980514522,-6.377172674807298,9.774875130998169,23.098486597211547,16.61249244241381,0.028419832680185664,-1.525722842374364,16.709248346335883,28.82952364328878,16.262589819383294,-8.57346074777898,-15.408431012671187,2.4736399099309097,18.18498767295023,10.211772424344396,-13.001047613069971,-21.199563560919295,-4.219276610892027,13.039800269396487,8.936713152506258,-10.566087532699779,-19.3052285228104,-7.72665878141382,4.020751503957738,-1.1663722503539438,-17.919363867495946,-22.989843047829915,-7.2599601655151424,9.298198782910411,6.9318061152657755,-12.220095438319838,-24.82053490535135,-16.961787526942924,-1.7754279996726154,3.9140569824815756,-2.2096519507502634,-5.290279046890291,3.4744902764762102,13.102003573082015,11.889836350247862,0.1473440367321217,-6.800545830316267,-0.717267150165199,6.739429545248441,5.725473514120225,-1.1289631257271964,-1.7194961590421372,6.251017563768293,11.031588874538713,6.565072386306134,-3.7412693462097053,-8.388514041037908,-2.924655839787242,3.9674482635538197,6.722637526120195,5.113189072694425,4.539030930482454,6.272387501075912,4.267297857701408,-0.8905041097760176,-5.0767786667083215,-3.7012289275584465,1.5526556940948524,3.6005471084440046,2.2757355363200134,-0.6293084845819408,-1.8537602856280557,-1.998278334405768,-5.499888524381902,-8.570834758509164,-7.390936135886889,-3.423858345534228,-3.5197544288458076,-10.030160356344908,-12.335445377310599,-5.112157882146391,6.296045892121967,11.190941923591119,4.14153521998017,-5.725094349714979,-8.819661555810882,-4.920414388510991,-4.324663987461548,-11.700178081433847,-16.523647881932902,-15.210665770737648,-13.465654156272265,-15.769680596421097,-19.25834417529316,-15.975385257031391,-9.056803361759407,-6.733165776250473,-10.167900284969193,-12.950047174969612,-7.611981703992782,2.7304815051567033,9.111118334467335,5.523353514048587,-2.8336753295874786,-3.26226599052049,4.435188282459265,9.21519048185354,2.8933593763745407,-7.4366802598639055,-6.682187998604647,4.51493343073183,12.811394148716793,7.080113120193808,-7.351139309861196,-12.135099880342906,-2.555882507739838,9.044938037143762,8.382730788333532,-1.8059246166830647,-4.602374399411431,3.0628391128350927,10.595824125558899,9.582816878673867,4.060057316144913,5.360285017487982,12.67724260086056,16.374900633853358,11.428521331491169,4.311919739326747,4.632346489658261,9.746062227688391,12.290370766287396,9.486276605003496,6.057807106517856,7.942616714001858,11.000594439720224,10.222029627377538,5.708758254575642,2.169059798278493,4.974950310073126,10.094292151058475,10.313478616612294,3.5539806353509533,-2.8410621408941736,-0.17496700776496255,6.633385339486871,8.841400189528372,4.614405865314424,0.39584594341896917,2.1137361114606392,4.379802688050333,2.264192538572857,-2.796592607390984,-5.171438586419029,-0.15679382237667028,7.257235039259307,10.632112852524102,8.43685654649105,4.233267759048573,1.9947784295882656,-0.3821238149405559,-3.3100282696239702,-4.914759328913036,-4.603348357654795,-3.3761624881759644,-4.589783900638437,-6.771039259850198,-5.8867641468571605,-1.4655153994054473,1.9579339175167405,-1.8274438188504334,-8.42082819340267,-7.720134593326279,0.9425104040770194,6.434993390503564,-0.5189901529920036,-10.946388664349868,-10.120720294737975,1.6418388352940525,10.495376658973456,6.367318678990465,-3.673301799391904,-6.727856969976168,0.5080468899836994,8.83180351608589,6.367215263202745,-3.3634830893566647,-5.993788836856154,3.8315579409572305,14.21631474245218,10.531347143211269,-1.9244205969950858,-6.17760328942428,3.012976542600171,12.393473493681817,7.7876290434084865,-4.191156147199731,-7.926112375953963,-0.1285004864874395,8.072818067800831,4.840659060056808,-5.484583056927448,-8.532599716892747,-0.6246470089527953,5.693314754071068,1.2296177106652308,-6.006339601633137,-5.251393916250379,4.0899500988968995,11.488208259525706,6.252640392721261,-7.375259483036359,-14.908584859361454,-8.559937556925064,1.361939365432363,1.2420015927103307,-5.056813700946407,-6.696280477574959,-1.4489952584554686,3.83118722609737,2.615097698550528,-3.247847193879707,-7.3492100361450525,-5.356351676097077,-1.3614175148515812,-2.2743925317438993,-6.828578191452323,-9.54484181016744,-7.64027840007418,-3.99995420967943,-2.4683338526259035,-2.904249365820476,-4.136002178676591,-4.452674652876851,-3.591290925618921,-1.4081990649094962,1.8859507033649265,1.2261351100126205,-4.562921913480466,-8.955689700106603,-5.976882617401031,2.4906954648114805,6.801706451418681,2.381100349647866,-4.662958313285941,-5.344732299943928,1.3956633345858336,7.162534511219349,6.989407001974712,3.5142052092102603,1.5427897458259352,2.0799539701114327,0.4699339942950189,-4.79906421317898,-9.103862432133226,-6.855350441777112,0.8396818079218491,4.025347279085054,-2.329362183087696,-10.30897931427181,-9.588776409705893,-1.5857024961359727,2.6781709766442816,-2.204968010655527,-10.578879534635078,-12.317303439541234,-6.421930882486734,-2.8042671055375052,-6.453184807770569,-11.117096522936208,-8.004849670728223,0.46103010329343874,3.2937279183111556,-1.8797802572359785,-7.348907707355565,-5.093019210512843,2.0933281210990202,2.952286426496215,-4.833768374046862,-11.256245337896662,-5.641083638057221,7.231928650890239,10.572500745932686,0.7252248282210019,-8.548754676301929,-5.243753037705108,4.517509696985352,5.195301245965558,-4.773267248483826,-11.288874091110618,-3.5855113815536797,9.336593873386867,10.198104130159376,-2.045848486515794,-12.079902011899321,-5.99582354650477,10.388382077100225,17.21978988955932,7.78401792979281,-2.7650414083038015,2.237801334916533,16.451466910692844,20.510666521505883,8.224682118384415,-9.801591601135954,-16.342772158966405,-6.492246503805262,6.437921842169743,8.959688138500226,2.288603016626382,-1.727334554333197,-0.02362256258588502,1.5710097075940155,1.84925675264369,2.491187850101369,5.808717245178606,10.178174857002801,10.698013502458295,6.772700761664055,1.4925569248016188,-0.5589190624122438,-0.15696066569272205,-0.39640994668216933,-0.23967330588107671,1.391050864952689,6.132394674837947,10.783458491782994,9.652914542537957,3.3355523580879947,-3.6232799256313513,-3.373201610928845,5.0500756521391565,12.236849194158879,11.501877955435106,5.495762796353574,3.137333290518285,6.504401959247986,10.051282062265841,9.516655740301502,5.819094847866097,5.659392650123493,8.885920844122381,9.55327550721401,6.901183998889309,3.0432494813368294,-0.137365598597313,-3.4848061143198947,-4.738876967785416,-1.5835316278115101,0.3947829092311963,-1.9195347619281051,-6.154585610233028,-5.7552273028206,1.39138953241725,4.767409321802177,-0.7747612562061619,-7.5297777354383015,-5.156805593726233,5.629583597299771,11.523518723725005,6.771494670527417,-1.9758122481506462,-4.190166753800355,1.6376537678153795,3.9038028168942702,-2.793107657255078,-11.66547357431483,-11.634700305461635,-0.9136456708431524,7.220833568717566,3.3769131960627305,-8.805864786832544,-15.819869079920807,-9.746897264238982,-2.6449256570486597,-7.215892389272106,-17.14207167932871,-13.467020833424499,5.924626835625155,18.122184261726872,9.679916341107798,-7.861588417074628,-12.93351246721717,-0.19186313183570292,11.682776964377961,6.881954537025223,-9.18658569673968,-14.461147768322348,1.1899823446511988,19.45671668233193,19.94729272335632,3.2061159457658874,-9.283911192166272,-2.838146058654459,8.694115757413563,5.508304848924794,-11.942893200989204,-20.869177167399627,-6.135608574202081,17.640405575472627,26.285835567856815,11.654672238415444,-6.022141732796243,-3.901146847605183,12.27460351415283,21.21039695543164,10.660958411205485,-5.421347989690275,-6.051506662029368,5.68397400908438,12.053579597007143,2.9952389942168907,-8.77713783201429,-5.810976270206169,7.214214839941604,14.29256387934339,8.705390023161698,2.298924452102625,5.242977709916275,10.964647642566348,11.953703720598384,5.774771931314817,-0.8757320906634334,-0.7101720539255041,2.119936060132261,2.8556583721958475,0.19532200071039085,-3.172007241212725,-4.998078334492476,-4.156469354867966,2.0696974392788263,7.274857097518947,6.250325299028077,1.5146004043615307,-3.7232546643440685,-4.2418471040590475,-1.524075187021964,-0.02615981177839899,-2.01528589848094,-7.376795441301823,-8.924577523853003,-4.9657869566416935,-1.9238931657800151,-6.6411796459602215,-15.754246703014786,-14.423329068589908,-2.3566176921757034,6.803366150428786,4.53496054216059,-4.495269683842224,-5.588415040554381,3.9669724096440717,12.780124112409197,8.682837516293063,-6.12912271516231,-12.741840178019828,-5.247176889517711,3.904602196238514,3.8993320259991506,-0.9080243069299598,2.8704522105229415,11.674691380951302,10.204933951410737,-6.1457518811341245,-22.21741886465884,-18.355192400341814,-2.110581245682514,4.94110066031557,-3.57353699796435,-15.334829754215761,-13.070793620978684,1.4591319647621575,11.409479487263852,5.055462466544871,-9.770613157683833,-12.801398497567895,-2.230823559659589,6.150407374860572,0.2376609023950529,-13.120437693650693,-14.294938497731877,-1.7833121573548674,9.109985625781867,5.726796596205729,-8.8075750252968,-16.82576665675292,-12.394992433258288,-5.2876231288625775,-6.012278244043021,-11.844564096273693,-9.907061582041166,-0.8125836457188385,4.450959143734281,-2.338508357169367,-16.77341365768512,-21.665119937692808,-11.44826839362915,3.232817715777955,7.384224686072876,-0.7778799613632117,-5.102197073869917,0.2531345712428603,4.891535892926115,-1.5734625636441493,-14.600334895173518,-16.669073681420116,-3.759161815543571,10.532357457971472,10.738640825470611,-0.9986619834640749,-6.509244150056006,-0.633486971283638,7.474034164849627,6.727082222131564,-3.1030950791140413,-7.666878524444741,-1.2670200178510882,7.519119602248566,6.952541556393932,-2.213054189141843,-6.244739055066987,-2.6125655633087916,1.537393769120058,0.4023538575597314,-4.560198522659306,-4.586792525409265,0.4103951606086156,5.762900723067048,8.375326085663389,5.551496089883045,-0.9875082727724873,-8.344457900657375,-11.913039474284659,-10.162940237335576,-5.437922256314209,0.09597245740371818,1.4867753196711817,0.9492726576930579,3.63930068488672,6.385031957312492,4.44929093726833,-2.2531271861205795,-5.824925395386771,-1.558926491580948,6.267331877795158,10.289052154704535,4.510439106473058,-3.1235536312214833,-1.7045343508754485,6.111148766767187,9.55582764554174,1.0187969652913864,-9.42806176931063,-7.1180168086954865,5.068980614683895,11.336186722986895,1.7065273971961261,-11.304622815929832,-9.686831028248456,4.441060752205601,12.058484193826118,0.9860068888880065,-12.87977480955658,-8.457441882590842,8.033817755574916,12.265979532524824,-5.277077208164293,-21.787264704581347,-13.479631323936545,10.282936117208095,19.691676908935857,2.20159655122126,-19.549705969107066,-20.212225922297957,-3.8773719190308995,5.154276888222881,-6.84630818613835,-22.25037462478499,-17.55041759431659,3.033191928398523,13.746376083419698,0.8453568735611086,-17.343540886069277,-17.944629266174353,-3.1963064618142027,5.99263852366056,-1.675671834255965,-11.630391282664888,-9.171290403348273,0.30811010803464,2.8813733466669333,-6.17124968850473,-14.131222077428504,-8.468404302393438,6.688751287108445,14.73379626761016,5.380037612271366,-8.98797499891478,-11.2643746163574,-1.0817032422879151,8.193091032050773,6.682824845344044,1.0983257444854644,0.6855490784780471,4.1104061873914475,4.468197215495081,-0.22965278905321895,-1.9924767014651934,4.461092653025929,14.792409812912183,19.953585324983948,14.015167617476976,2.799423724679343,-4.380701720845494,-5.083375249119058,-2.775744000401346,0.03583678406361912,4.5886118600283226,8.460256878475178,8.927545021137576,7.362486836908914,6.438767806910164,8.829570099790885,12.47958360543069,15.123847223116485,17.13929173573979,17.778552821909372,15.636111535207021,7.546603252020574,-3.146601995118715,-6.320733451413162,-0.09149299746417228,8.008242372701119,10.462747625693353,7.842070488215398,5.817887673060682,7.72440965496439,11.859757199142678,11.11966457711749,5.0489124609446066,3.922575115262134,12.56145905196648,20.69267962089583,15.666794157180462,3.069819018928257,-0.22924242033019482,9.704075323391606,17.851661297339945,8.20598405252855,-11.911771331873524,-20.001640579740936,-9.126582039990026,4.7507285342577745,4.26280497153688,-6.131238413770745,-8.46733754266998,2.97554701855028,14.984417584533475,11.715541778574632,-3.497708517785764,-10.475585088222516,1.8327907238721153,18.305604581832313,15.577210951145979,-4.667440953901803,-18.332409018817756,-10.712575667472347,5.850948861282674,9.2270076125576,-1.9643490873435674,-9.522599799291672,-1.206718257859837,12.723204539212023,13.00324981707659,0.5073733336130957,-6.748739436303204,0.1375568492851187,10.46457732335346,9.4495345359494,-0.7225133755189148,-4.9138008548770955,4.6570793676539,15.97918456524313,11.440853808122622,-5.417943951587489,-13.568482669013974,-2.1587048064170773,14.67437749825882,17.04992107676884,5.5958138948359135,-3.6950029937630404,-0.017976909252737983,8.846927586137951,7.326556047428696,-5.738709014066856,-17.10654225279862,-13.893593466325882,0.08150915151631466,8.015685470403454,3.850138813811185,-2.5857791784038398,-0.38416566029681576,7.905625549592315,11.03041549261711,5.699617714714535,-1.3612837382538316,-1.5877074410650351,4.521263795636656,9.196370773340433,9.155607191977722,5.648194310081465,2.8986258428646465,3.403285493927285,4.422780360617594,3.152861534878596,-0.9482888960005198,-4.205770024283339,-2.5776905266631047,3.609733222489041,9.025343359022528,6.435427520373935,-2.0577913258763942,-7.866836061804605,-6.576370080324267,-2.134346120814058,-3.960743009470292,-11.0737679937438,-13.23510120675283,-7.605430196323539,-1.5463817414268135,-2.5952641004266184,-8.004679281012244,-9.766377290307872,-3.398375934656684,4.997784662320775,1.3736675909248675,-13.878753783197716,-25.3914467439632,-22.633432728370792,-9.562005918541708,-1.3974847857394366,-7.996805894115532,-24.009894316057242,-31.60913301510014,-20.002868864419703,-3.7491702554731887,-2.148444998849527,-13.553638382537457,-19.58690737688228,-11.340356339021305,-2.2155624472675157,-5.225143007242707,-15.905848346351299,-18.95123475756799,-8.621666526078734,0.7329356350427432,-4.454580951328751,-19.27403522435886,-24.866371667941912,-12.050092805174534,3.1237306557647315,2.878238285917803,-8.88430701761716,-13.56164693610642,-4.525297498255883,3.396217665308116,-1.8112059105060307,-13.878779592733748,-15.566105061821268,-1.977097976941046,10.02159876313106,7.7063230332597605,-2.4274832408562403,-5.702257368038644,0.9251959086388695,6.412804627885549,3.1660936070893904,-6.718704985687495,-11.279586956099983,-2.9314480729637182,7.79000566379959,8.288506307681061,-1.0145603985285732,-7.233865952741155,-3.11103531288353,3.084394977191053,3.814154658270219,-0.3116647543914155,-1.2786312390525438,5.0953794400784105,11.077646186072116,11.73203938200679,9.385258991536503,9.86831377943119,13.531661234001433,13.79072192100908,10.888273091123942,7.385557063601439,5.892673452723187,7.756200485388213,8.541747845465139,7.901901429745241,8.057352938083397,9.600309240754243,9.525823219104716,4.5485392710811965,-0.7932578217616424,-3.285287304469705,-1.929915205440139,1.8455885791303857,2.977516943757024,3.534716043568885,5.78222228917619,6.864762654619739,3.680913997792395,-1.4767589882125094,-0.9860082267852377,4.2102836402626025,8.997845946004858,9.361227748176695,3.7397140501250163,0.6452499130369773,3.303511089679219,5.039780069744111,1.9456808695641854,-1.0592783875496963,4.268444342112268,12.051002733305836,11.011767147398501,0.4861639866457921,-9.473876303851753,-7.602901899885438,1.4212912482130093,6.112240390138332,2.182110313000095,-4.50272387273143,-3.141908501095376,3.3566023781322514,5.273549249160073,-0.47817107152601324,-7.181934698455578,-3.7329868639154338,4.523316161382574,5.966570642041997,0.5992899121936652,-4.751849157388023,-4.818063195411767,-2.7540663055896353,-0.5901700727298334,0.6857493369886747,-0.8223405460514037,-1.0695892608512096,-0.11811654238166369,-0.9354415502564386,-5.611785148769716,-11.833924974327143,-10.617332240875864,-4.065070756770307,-0.50010399642008,-2.2101088174942696,-4.262100499898086,1.5755076802931427,9.214542268947703,7.694153360394491,-2.8933237793823494,-12.43012700834111,-7.6750936324005075
1,-0.6117082549603197,-0.12492081915652875,0.8044536083780898,2.507777881209023,5.856839532165814,10.091858119720143,11.725910793479812,8.34541839953664,0.7068745211846021,-7.946823149800096,-12.860659718158232,-10.613093300207282,-2.8733672874900407,2.955445245298449,2.143749269415892,-1.7929421160203702,-3.4633317305618334,-1.5268595385522161,0.43619690083471596,-1.1388537481382457,-4.298327197715764,-4.6661616751665065,-1.6512919439867346,0.47556854221127765,-1.4759519523064029,-5.195673457387514,-6.058694224373767,-3.486919140435056,-2.865817196676687,-7.883848562270778,-14.252624312364986,-13.377867937056564,-3.0644168051044147,6.198569734467739,4.155843568975264,-4.882083008566724,-8.921864146479564,-4.480994892279952,-0.09392812112631077,-2.7861937071835214,-8.893998515969905,-9.11419759253981,0.3142522788704696,9.88851118445163,7.930067106471121,-3.1575985805299,-9.978304186422463,-6.488167680313055,-2.9486337776047833,-8.629704038279911,-16.84502311753885,-15.200103880084392,-2.4876923480461635,9.172318857910184,10.67815637738893,5.732436012156741,3.6501097894720544,7.9447425222103565,10.851659432687772,5.433297601142044,-3.6796364121019387,-7.162131492690705,-1.986103927702601,4.145051648050774,2.5062650309352215,-5.3976432444858204,-8.974668272770376,-2.0716755650422662,5.779956749810314,3.8338604623854806,-4.4492229469239,-8.860988734385632,-6.079462926100437,-3.031909752441834,-4.98147252620392,-9.090829646881236,-8.789125693304808,-1.262677038977202,5.733934968669757,4.359999151578982,-2.407627728880364,-5.3122135213380375,0.036071833903903894,4.875048059671819,-0.7231418678152046,-12.475172390440349,-17.702711145413787,-12.483093517280693,-6.709052024988992,-7.923254071884429,-11.813815635114693,-9.489258133642643,0.9228852606484494,8.961818204377295,6.40319726352616,-2.0354591845056262,-7.3245160386946395,-7.142042491620579,-6.255514222511522,-5.664288439038252,-3.560095892561762,-1.0656756310975908,1.1825416891305878,2.246515999620854,1.779027403531991,0.3064934066962053,-1.907987069855622,-4.060209914946476,-6.5012130464650255,-8.69331643134796,-10.803549217990408,-13.077243877142983,-12.115574985100572,-6.637987067813654,0.2490844185026404,3.029316251525046,0.41787602074752783,-1.3267874549504626,1.0969419747594742,4.395065585117393,3.654200301189661,0.07542728755035455,0.1742367895512018,4.017150998741329,7.720906221269715,8.752489992460582,6.747689702786261,5.370318790649755,6.705510216498311,9.551941159076154,10.993338990627237,10.441509403698234,10.908042077211064,11.838856146040527,12.240041667834415,11.906061922070322,9.148807454470884,4.877444657805967,1.6387167166688954,2.511703947312043,5.943738867592899,6.50157008029116,4.299744922092678,3.0339927667804005,5.678649571819257,8.738926796666107,5.733083032935937,0.4646356451353597,1.5735453297528608,10.170268893913246,17.18628127355892,14.852126965230198,6.776192159896887,-0.3185886377343081,-2.4872550077174225,-0.9019696665188235,0.7503518576329782,2.359897475232181,4.076889398989678,5.961826204353763,6.2494262647657735,2.441440687483663,-2.4080863611672996,-3.3605170055649154,1.571371430271256,6.509557458296445,3.5970733666511023,-4.057596061418526,-7.416235361828363,-1.7876915182639266,7.158837633866419,9.635124544571994,3.968522305452133,-3.715435445424003,-4.254506902356404,3.113441645998197,9.030602975247902,7.549170727899437,1.8017652526836372,0.716761893753457,5.250424562384882,7.5696574467289715,5.52686390441762,3.2414967965226715,4.849549927461169,7.034371193418894,3.528813202082187,-3.7288012849283767,-8.159234870259354,-4.260704651709943,4.761602321428661,9.929259275703387,8.71008394125419,3.509873296098414,-0.4069075213059463,-0.13119028700656443,0.8907051444940741,-0.9869354680685447,-4.8840670611335355,-4.2603613642196585,1.9548198614918277,5.780877880844866,2.899943718697781,-2.914363398327616,-4.047063518240694,0.5555317487576872,5.0148857780450875,5.555301726582311,1.3814708348268994,-4.206615339593803,-7.892217137595498,-8.785737771644037,-6.394547032056241,-2.9819031538260745,0.29263710812028876,1.845811476991443,-1.156834245212778,-6.319958430142911,-8.694574621083987,-5.672385176535617,-1.5445733381329276,-2.3656684129118126,-6.616536188054404,-9.24077374086525,-6.147267205637398,0.6924192724388973,4.593110517335539,3.151811946751671,-1.081692477285472,-2.38893336623196,1.0523773244873027,5.233847458389704,7.23448166493835,5.520132545244053,1.8234315280841003,-0.11731899690457936,0.9392046457373837,2.673548653307172,0.3788934721808559,-5.51919395811111,-10.253439742588192,-10.969673785704906,-8.546477952549594,-7.041778425220187,-7.453538931402569,-8.554822387424984,-8.67308827906566,-5.749259938694024,-2.4075999008749847,-1.215613288763162,-0.9094314901661491,1.325677070458184,6.176461190991731,9.7132723877586,10.55693518976653,9.409728082401877,6.82769739443053,5.447250659339868,6.16633194405081,9.030916846842786,12.632626581135128,14.45995434980805,13.511427466455235,8.905241414587486,3.490284786241073,0.8503318185434097,0.8001774871838165,1.0398325742006769,-1.8376866599382282,-6.933025778149954,-10.390148668766315,-10.256280713834094,-8.421102203076298,-10.369249695286229,-16.28635347700357,-21.104886296325446,-21.295416989313253,-17.573666427832123,-14.83857835695527,-14.576995457912766,-14.184090347761423,-12.254139052208394,-10.640188544881244,-12.03469491111684,-13.433473787242328,-10.69705443000159,-3.8767392045577225,3.4978157463098576,6.017112322950926,2.7167067199784682,-3.383099717328644,-7.221479149080629,-5.461057764639669,-2.2931219859548655,-2.098447828985499,-3.939021408016748,-3.5643298717362946,0.5851081568096319,3.7987032112574983,3.7605591674262406,1.7325299006367292,-1.409859781098362,-4.4437891074682625,-7.3236777883727076,-9.44272873066718,-9.453498881671704,-6.252660937450592,-0.8558326633547466,1.951088750867843,0.45860135691842174,-2.4131815097495313,-2.6603777695180746,0.9373977454679192,5.004347899072101,7.331804916984616,7.240167868841876,6.297391992373218,7.757998077051127,9.597065535008095,7.865788672697835,2.4454976994448323,-2.40443854816043,-2.4969313651066933,1.5076475590657115,7.509831476894224,12.966620875667765,16.03666015799157,17.2002195742356,16.596080580528383,13.944948628847538,8.606438372492448,3.4131028226940234,3.0768788148407467,5.869068085835405,7.891203619274876,7.379307489206152,4.478114505142228,2.343285998946534,3.1627184548038763,4.985600815621556,4.368795545318825,2.6500635320060955,2.87190150240602,3.2058831508138326,2.7958636778668096,3.7565738561342563,6.236055787893067,7.530188771234801,6.3439531346729865,4.995832499703679,4.026163352023467,3.1909702253637295,3.8821354445116505,6.138817415275884,8.528333370881082,7.706594905750393,2.591713087883063,-2.968589832934784,-5.30124320304591,-3.843004977352292,-1.3360911657296146,0.516079180923751,2.1663643466462243,2.806469679038898,1.8069558641607157,-0.6774772576023764,-2.880410255211304,-2.1363987578308468,1.465867038745479,4.7833769779502955,4.096025061090984,0.6230149557268483,-1.272312346878472,-1.17744196629382,-1.893646084274172,-5.14628613172024,-7.365879874232515,-4.093483430875782,2.2157339159567755,5.779545579778688,4.713948838230085,2.706551569031067,2.478241385824422,2.906105668967129,3.413030923327508,2.8633070598869352,-0.319376446951118,-5.355293891185774,-8.816295459967499,-7.6388939523992185,-3.804371975478312,-0.32101642128965935,2.4497743622102996,4.308772177975207,5.099047569517015,4.588517936393755,2.7456229620968955,0.10565264463751411,-1.6429317586979337,-0.5092907458604827,1.7705864476665294,1.6540696869154061,-1.5765080880470936,-5.370092685284318,-6.161394346087857,-3.8222900941280358,-2.2501628372918603,-3.885722150420845,-6.843711806886688,-9.491775709383475,-11.861493662317239,-12.286550593701065,-10.415362819917277,-8.802307565052566,-8.660007859370566,-8.69003521360176,-7.33087490635563,-5.539361612947033,-5.118894181136026,-5.392687430891119,-4.709644648852378,-2.718370931481763,-0.8581285951693411,-0.3906644274321227,-1.0499169414486875,-2.58949714332943,-4.922586346922078,-7.098822134109355,-7.2043454632218555,-5.038451348170575,-2.914672180200351,-1.14790914750159,1.5736610589724895,4.005472705483715,3.5737029923117145,-0.04130290842088158,-5.137631935291722,-10.083339540445234,-12.355030526126875,-10.131692190566152,-5.809728620621302,-3.0383449730889716,-2.623736789598265,-3.4557127680908284,-4.925038646811359,-6.577181297508867,-7.477064834349596,-6.417574162370693,-2.295120948556624,2.5665740648813653,3.2503089955503874,-1.6423740445745807,-8.498338658472772,-12.723964916518135,-13.015539684025214,-9.455252890795888,-2.7113028382933564,3.008375240004895,4.191226389455013,1.8119924443570206,-0.937879275642794,-1.911822292208825,-1.987571930511045,-3.0272686439521106,-5.017147775404398,-6.214970859582262,-6.780689169762814,-8.329421523919851,-9.193224218039802,-7.481510981662069,-5.350386573427376,-5.927193205224821,-8.945732102936812,-11.88862280410107,-13.01380995024455,-10.120888234307623,-4.335361569670928,-1.902350033267183,-4.764489681272012,-7.304144276092452,-3.9819811537244814,2.6709923318621467,6.1507281751736285,5.585022667454715,4.302609842942271,5.223600315626126,6.868913942285714,5.49644307628323,3.105481145094523,3.827465858979334,7.550473240038263,9.781540831171354,7.37104841943253,4.232996584648889,4.13811000404303,5.763772314101804,6.634322740912827,5.9180346294919435,4.835048050110533,3.8493228316614534,2.8898953511245526,2.142028529437283,1.6017533501715464,1.7332142570703866,2.289420044783439,3.661132272883231,4.786042412023441,3.0573903015253876,0.8216940252450087,1.742269627728497,5.16683188004124,6.993411374584458,4.708981293889154,1.4648637725816975,0.48032227327115606,1.4574120381526932,2.4395056932968586,2.5082890497800676,3.0746892470653258,5.1486724200114224,9.12129548762465,13.0235012770233,13.400684931972226,10.380619301724195,6.660693228397513,5.801290008714453,7.1331221393308155,6.423468608433119,4.231664377326197,2.9195385277292196,4.06522481799831,8.452340989750297,14.783540747302652,20.666532490610077,22.12500272385121,18.769653491890203,14.623129601672218,12.69936830260394,12.219224485874726,8.80711432810368,3.761137328774632,3.754842549948954,9.721643160614216,15.49030176685475,14.801255123135114,9.657723134680115,6.725097442696459,9.169489809873113,14.148770021742614,14.850648991184132,10.1784211001795,4.6904746985666925,2.9616396368214915,6.897978226019895,11.511479902301906,12.498272851203755,10.800173639377796,8.274152540704705,5.601821145098323,0.9835175417202464,-3.5461224355831726,-3.4830063982569026,0.5763676001304798,3.984250142102872,2.134739895094837,-2.9758846889491792,-6.527434599972208,-6.827095363499311,-4.544502551108636,-3.148412327757385,-3.272914400592411,-4.163972423622684,-6.292349468764215,-7.241788279745359,-6.436898231336252,-5.123156337595393,-3.6325840719503075,-1.7077520114789397,1.073302619998767,2.3106088210046494,1.7732885222169283,1.1094939548236642,0.10251218215187041,-0.17506427805122726,0.2948597475596513,-0.10245361120805718,-3.7060062055839467,-9.840825206625006,-13.042477179240048,-11.740563171064071,-7.494574450505276,-2.283359787687805,0.9508834366015066,1.099257152041547,-2.062100623879058,-6.650465254269566,-11.07947144001681,-13.676687859118429,-11.007474051668229,-5.369098792004747,-0.8293588849340097,1.2228592878806328,1.2379090965151853,1.3628527899019947,-0.3861050646527522,-5.148432649974208,-9.59663806273812,-11.046544250234737,-9.592189625811217,-8.315927435489547,-6.953177401865995,-4.266051934157986,-1.5418409526811274,1.8637305540190603,5.300553815283498,6.669226758048154,3.368819461852347,-4.472752374893053,-10.68626553493577,-11.146152209143095,-6.274116660375755,-0.6869019864876744,0.55125166379276,-1.5158112568630013,-3.6778576062278328,-3.781958574045671,-3.2801678485978085,-3.6454659513011203,-2.306731595799242,0.1255348450160989,0.674158552894677,-3.261321586594473,-10.347898174837036,-14.066102096435461,-13.33080094442795,-10.677356806575974,-7.183992840181799,-3.3397489436879084,0.2740086689578405,0.12292714815106986,-4.372652156892569,-9.597734638561867,-12.13422237551908,-10.822512197412031,-7.8922151111356005,-3.298033011365469,2.1871933621039403,6.039403491231148,8.961616859389162,9.976811173149228,7.864409472336289,2.4076540099267785,-5.705345940507044,-13.025088763516207,-17.390679426995124,-17.405172264471762,-14.989541812380605,-13.593215294331877,-12.057265469384904,-9.720035236477944,-6.491153704129779,-2.8502120342197372,-0.7118459118928602,-0.21663884709013992,-1.5068698020759141,-3.157525010726774,-3.2738106453127216,-2.103231539247309,-1.4528679648884602,-3.608469410447233,-5.983289374506278,-6.3570754743559545,-6.166252162630056,-4.442067324869915,-0.044962472911434403,6.361374775474339,10.704331658314947,9.723435767071608,6.366446116061503,4.015555970126107,4.225642921136618,5.273363504184437,4.010370797091808,-0.07220800793491478,-5.940686812594905,-8.589808313635556,-4.907125350137342,1.4724225492423066,6.100635586135791,6.20214222145599,3.283755540822673,0.4064560473874055,-0.58725564922899,1.8240295827661477,5.717578004509708,8.445720285619847,8.248042016752116,5.275933111863699,2.673024971811314,1.859841662035052,3.3878521337396403,6.226656066495894,7.502740532142274,5.439694369449851,-0.5545694611018348,-7.05909702557436,-9.948662822609784,-7.941954230858116,-2.492515123123684,2.2686525744107,5.178337443593908,6.9118823626805534,7.732632256635133,7.692757567820568,5.718227974603974,4.945090499418449,8.283651218691046,12.213953894805321,12.038371260824023,6.487497870815281,-0.5808248506036602,-5.486064761418427,-7.067956519249343,-4.992103417961103,-1.6410019078302298,1.529414163509585,4.885737754378175,7.795309116470727,8.263246693023778,5.634515412870346,3.187338440085778,1.9596782610767205,0.6475405988816121,-0.42075278854924925,-1.238296326067351,-0.688603548909656,1.3397752973370096,2.3314432417306534,0.6914074127603413,-1.9070536072891429,-1.003366418427973,4.15735168282012,10.115154215631813,12.24021276745527,7.128097269473663,-0.8056597029476258,-5.090800163270863,-5.582234781197755,-5.899836323303365,-8.7863993200002,-11.867000375680817,-10.750194058711822,-4.758394461832239,1.8408193041426664,4.6714302233861105,5.029669290669602,4.890209757117896,4.51537380085934,4.470603723728239,4.677019117966061,5.579585888941878,6.179897260125729,5.928337899015943,6.744727273773847,8.959330888670745,12.05293448300285,13.900622358846933,11.680541195232674,6.013372788743991,1.048958807082375,0.6912885952721268,2.497425591358649,3.060166810634392,3.6115040830308835,4.610524742189334,5.424182874147668,6.0527468455090485,7.411292797318886,9.438854673369754,8.720475187187631,3.4028955444040463,-4.023260437885202,-9.500944693235592,-11.449670623613375,-11.410287190385938,-10.470792719917753,-9.28549779483044,-7.691692455126564,-5.06733549599592,-2.307609174793285,-0.15784122228592778,0.5460783140811358,-0.12010743166505478,-0.4734643334700763,-0.8871547821174417,-3.146634172149021,-6.8677417733964425,-8.177360325647175,-4.249404474526273,1.2352107674527701,2.412747952131607,-1.4183511689905046,-4.632699083976254,-1.8139461850676533,4.786200598148735,7.757266264167864,4.265620331873791,-0.9384473802031668,-3.703029831767207,-4.0508944385651375,-2.560387649203033,-0.5933873882181881,1.0962319023942921,3.8351021408766997,7.341438498074629,8.382796262922712,4.830763467310522,-0.27378218549761435,-2.1445126706021362,0.04978825714866275,3.071672624026288,3.634475243212462,2.0288527936215726,-0.05520145574061619,-1.7372151932835802,-2.6205200936512787,-3.046990714361188,-2.7198783430302935,-0.6523463959377978,2.600782803956424,3.4907108531606443,-0.3462492587505466,-5.173189479763824,-6.468801678239021,-4.250456375249698,-0.9800904647683772,1.5775760426218461,3.422143484638088,4.907418102401113,6.545943523112182,7.722475249748742,6.189622172572548,3.0597013652765597,2.9729508313788546,7.665541049437564,13.054123470309518,13.849643059980476,9.9475515865648,5.9648692337768185,5.746948282382149,8.117216545344828,8.532782066313406,5.313372755843304,2.1704731637584125,3.301927528689532,6.450302862526939,5.5348429748520225,-0.7127744602272941,-7.519814412501955,-9.021322434734106,-5.0503993067666215,-1.5213678222777034,-2.1018200186969764,-5.143575286991968,-7.264993671051158,-6.567936388047443,-4.522458610013711,-4.833829937797461,-8.329845192415604,-10.769570748558131,-9.117940821048784,-5.760163930433087,-4.95591494701257,-7.917758428333855,-11.337210498759273,-11.69058493021248,-9.04426254876553,-6.536544376177758,-6.799850210342761,-7.93372736336517,-6.599536770869143,-2.73897098128689,1.2085769193931526,2.8340082821611716,1.6174146244198937,-1.000761589404874,-2.4897747105358334,-2.2144224721886996,-2.3874554690639016,-3.9954909649983232,-5.126896408188422,-2.4181535332204938,4.595761789433855,10.908262922754364,11.192555020917588,5.227310878648165,-1.948046465235059,-6.100874851394233,-7.563422477366785,-8.157903401531987,-9.384955494276934,-10.379889505272919,-9.405647748761726,-7.830487870461468,-7.7797711602725865,-9.183181803098755,-10.051162579037571,-9.968923111942544,-10.250298318843813,-10.736995087052485,-10.652171204867436,-8.79807798687628,-5.771344985793892,-4.177327872454049,-4.114660874525159,-3.9595932761831456,-2.0423442944388697,0.8584539683400312,2.1103283803227555,2.2775785485688704,2.907020492977285,4.437318032784837,6.022748417159923,5.939643932927234,5.258453648818196,6.2029303673861715,8.868515680383819,10.838778906634344,10.710678042432637,10.153947803970409,10.293709716726688,12.011992244251914,13.552892827850226,10.608382144555375,4.298218677715795,-0.17406965754442183,-0.0661148359412067,2.166958349572621,2.890242159918209,1.3857407296782611,-1.3665977194213408,-1.5889019756912983,2.0330785119942334,5.8233681861965625,7.735788852155748,7.567426985210343,7.046178724338905,6.8830230601500375,5.082930050747075,2.121376595726286,-1.0656435374920736,-4.027721074367264,-6.0283682488480075,-6.061462616885987,-2.556929769195518,2.675370940343165,6.376781012709685,6.528887539810935,3.2578590712249937,-0.8534356620224024,-4.289657513088464,-5.325211645956918,-4.623359823209231,-6.023288061106824,-9.70511939298744,-12.354135217035608,-9.706487262101838,-1.6058835845550732,7.32633503075334,13.532866380411782,15.263410059202927,14.090086292636746,12.032852319925048,8.954631371110128,4.524452421149622,-1.8401844638160973,-6.488624969768434,-6.030676874385044,-3.3446095368446898,-1.562040275049391,-0.7907376659078338,1.7992279102645963,5.817062384885208,7.36933373968176,5.946374173731812,1.970819474017084,-3.1371050565883074,-7.478080564847968,-9.633670418194038,-7.931893134046618,-4.4384137789847,-1.500938726941576,-0.07342983033670691,-0.9527054450699133,-3.2448449466183185,-5.231557845001625,-2.9156117507453523,3.141171712399128,6.502422208046269,5.135410852654406
2,3.0198365065461275,2.3350004503675663,2.354367446352761,2.941244631125471,3.059409071761415,3.490888896005586,3.835570912177147,1.1019173664011035,-6.745219050653972,-17.037573284860358,-22.51707178255822,-19.110429393188163,-10.938956000154029,-5.495334714261425,-5.0069372594384305,-5.537882234764439,-5.13674366319648,-5.134608027720354,-6.130223920525779,-7.479182566820679,-7.464257969804876,-5.472702720667172,-3.0060630999214233,-1.8254769728005087,-2.789963401371761,-4.730940454239764,-5.872895984539053,-6.700086003479733,-9.233939408532017,-13.536490029097376,-16.153987018406994,-13.8000374668623,-8.479886603158313,-6.476657476873065,-9.72101752531545,-12.400434169277787,-9.921444672612218,-4.855058538644835,-2.7382497521507148,-4.945524005713411,-7.546668082517652,-6.6687166183369015,-1.5776615736202864,3.790290570851205,3.8427897740158503,-1.2431753733218365,-5.105253198899641,-3.958231288146001,-2.9842282363107486,-6.446620189680211,-8.618636960180662,-3.9636443161683648,3.936106157743483,8.306693109657724,7.79408053630468,5.856671564294176,6.077220561179036,9.039227483417037,9.860675338843198,5.529533117875834,1.0720806588791998,1.1852476824531797,4.392244192773203,6.263455557049828,4.846963074243941,2.870806400271496,4.3279248491409215,8.698750888530551,9.333985915546425,3.817592090096035,-0.9340816661637845,-0.6384019254368294,0.7013234365700853,-0.8012238116254728,-2.665787333231531,-1.265789139258544,2.882984702257417,7.048470611928376,8.265073433048338,6.5407435874257835,4.46995577758058,3.614201387692418,4.6261421587845035,5.010190647750687,0.8082750715472464,-5.408129435810963,-6.325266653771681,-0.6197619326169814,4.37872126102296,3.390574494748055,0.6094121942689767,3.624750300942317,13.245247464124105,20.716839476598324,18.48492884008831,9.68882341000544,2.361015574806487,-0.4169773441571607,-0.3872613198137742,2.189334099926988,5.6015073518065535,5.336703760904655,2.554988402277239,2.3025645737872438,6.37410324703351,11.356981827496192,10.558305674112244,2.3384139651857865,-6.427475824988804,-9.030342825344428,-7.381263303951592,-6.216750776532686,-4.744203224778751,-0.5813532518255187,5.038904476675885,7.5776799405886095,5.6797349843460445,3.779368646146299,4.130428333235955,5.0452714933626375,4.716623309055237,3.198748388682205,1.7470517429752412,0.22472403806597185,0.28161418269759864,3.0590538534784244,4.3808774029403175,2.224954189900135,-0.14440235993136952,0.08260069556905236,1.6397433777570214,2.2564263942262883,1.7924454871195685,-0.010947739286848446,-1.180536841095904,0.037417775955347565,0.7481976384048643,-0.7975558235294571,-3.253656899172679,-3.672901016036075,-1.1303263113529631,1.1315075310669354,1.2734659504208565,0.6799573140025572,2.0727113438203126,4.639593475240908,3.988583505628206,1.123573951860262,0.5234016322312947,2.711111081160796,4.352283736759372,3.58240121391543,2.890455167308019,2.485559522501539,-0.4349833809681787,-5.395345701863302,-8.368474992637417,-6.591180496028141,-2.847758407439674,-1.1327381228519986,-2.695947302399823,-6.412921391588197,-7.786829214950327,-3.8893498867176,1.5158804751090695,1.4842858584365537,-4.510586564110344,-8.281211760732894,-4.4109188627869855,3.767409309246254,8.381555638559185,5.273357341726971,-1.690296456267749,-6.577025911158703,-5.557878933038502,-0.12905615577977514,3.7128018850724,2.875687192804522,-0.4109181659178187,-1.2661431437515578,0.3649387224704377,0.8023849284621871,0.8642445187869434,2.628516891577841,5.038864388985255,3.589365184456465,-3.538159833283707,-9.794284793584909,-9.443596923777264,-3.5235702845441637,2.4352860980515807,4.25104111199791,3.423898628421867,1.5160850159539088,-0.8594648089202508,-2.486749507334725,-2.8461449377674324,-2.2378043060268524,-1.6744885985575921,-0.013715018099475174,2.480482040633209,2.0999568790713816,-1.030408894489451,-3.0813437978422407,-2.336253447184106,-0.6155436222515824,0.7998506548572166,2.3071586273310096,2.2548737650308404,-0.8407155310583612,-5.67731927124839,-8.725003448723855,-7.545655760383568,-4.209177397689519,-1.0421704448558629,-0.20655313187718605,-3.329658855835566,-7.018557532064783,-7.406951228298624,-4.425847594170211,-1.7016436780474784,-3.3852778592569823,-8.311129842097323,-11.506489065189852,-9.107338337156936,-2.380441283432681,2.8835485775234737,2.5671472759915446,-1.8764497890406773,-3.970118187757034,-0.5615235572724941,4.652096721363943,7.805442934460245,6.47427839421319,0.8950655416562991,-4.4431655614051735,-4.952509318004031,-1.7706716934973628,-1.6261331323125106,-6.830286322148121,-12.426509436125457,-14.251005601534281,-13.234882665959994,-12.971844212250186,-13.862595879233737,-13.617468812647633,-10.180045558378236,-3.147581996343982,2.4400308850024954,1.8168800981871636,-1.8358591111834253,-2.0388438084494016,1.847012026202865,5.383814528217396,8.39369092745339,11.450450408503086,11.337264912251502,8.371675961326,6.7660461035029416,9.376835777934208,14.10449271718512,16.893197142944395,16.292381477555704,12.257971843864798,8.053485169117787,7.140439210383967,7.91635103237445,6.867014796403598,2.469332986420298,-2.623682163414365,-5.064361826911162,-4.76372128782741,-4.937590779376466,-9.078955366012789,-13.663880141141316,-12.548017571854494,-6.5855726456540395,-0.9470356631571315,1.445126129906619,1.9297620022694666,2.2058270641650966,2.762222850262104,3.674085212722156,4.123994314231069,5.016434140295507,7.484555715822065,11.267363686648975,15.782560347398183,19.205304834539806,19.881675599184952,17.34316762701251,14.712007580945182,15.460508120496733,16.97509106020658,17.262353262564325,19.32995433655496,25.086511944291683,30.003854376859195,28.97548774306166,25.60858193592272,23.277895354526358,18.898660753294507,12.041461175273222,6.110714630912566,3.5489291646207626,4.213866310317039,6.85020770552042,9.504609026421862,9.876234118482396,8.342017429021258,5.928964445006015,3.700244758068525,2.7412871973385187,2.806065901802592,4.569531418984717,6.587190370388945,6.485629963546478,4.926539019586565,2.634665730704583,0.46247015202209596,-0.7610317342139652,-1.3868193881680995,-2.916522163921332,-5.034258576380555,-2.8002795752006513,4.815170501521723,11.053770763835665,10.411239198917423,4.463373423659263,-1.3573070339638775,-4.467402773393882,-3.9750152530623666,-0.3583222833121411,2.018676359116917,1.8140212980230928,-0.03055760278671471,-4.478331455915576,-9.057023927456523,-9.683224280567789,-7.6518253725826995,-7.646436790438829,-9.460229727619605,-10.757645157531936,-12.751777930469881,-13.838970788323095,-11.539109296495077,-8.558313740977432,-8.006735354297348,-9.231809265979862,-10.200178408102172,-10.947561252143672,-10.89164379639276,-8.888587184640503,-6.714416071050039,-7.252496542434752,-12.144831893973786,-18.179256652672883,-19.560260827745402,-15.355167980010773,-9.863066578589539,-8.094051014629937,-8.646291869450714,-6.4254354623831045,-2.2197508637875387,-0.3503584713850394,-3.2433287052885715,-8.795649970864359,-11.53399501449793,-9.74517174488776,-7.949895170800838,-10.038537150507874,-11.773869065000774,-7.698860345289324,-1.1777341416760283,0.6157894303874398,-4.212418129443309,-8.577732804603334,-5.0823404545747115,2.426085517049639,4.830073966927832,0.4333867162180294,-3.3391712045800936,-1.2037629342481573,3.499891447726835,5.464629630315008,2.1777650298350366,-4.593758058039754,-10.972110550025963,-14.26329031795953,-13.598563379302266,-11.071891287125432,-8.227162372588364,-5.482619064409933,-3.959854145579108,-3.814230390397718,-5.56545539469791,-8.841788380971906,-11.208297361904627,-10.557034418404452,-7.225006225094084,-5.418574616915741,-7.695123374831326,-11.390244263666286,-13.486314065734764,-13.122910621319953,-11.586107767371125,-11.070118289928907,-11.807705628295475,-12.34141086528523,-12.858279155643473,-14.058214045778573,-13.924402553447319,-11.827491011884327,-10.542442807948913,-11.628016232154629,-13.528549585841589,-13.251127462315225,-10.942193904306427,-9.37104504287796,-7.987951812557537,-4.4946892474685,0.3320215464097842,3.063644463670947,2.989811999969149,3.565014699451485,5.976720212258906,7.266050997584841,5.402170796238941,2.194151790748357,-0.09125884470007861,-0.7818938007235161,1.7104057643015835,6.291962058405032,8.028175183927118,5.277205952234366,0.557003233305581,-3.0008239605482316,-3.6332395251862852,-2.1156979834475322,-1.0347539997341855,-1.8683645673176095,-3.0239794181544717,-2.6118276382294816,-0.37659377910361513,2.766903778967233,4.317700417340685,2.3768217778053824,-0.6573100955612823,0.17815368592837544,4.873049029984415,7.577365280299663,4.5629865188720515,-2.376073245548543,-7.878469956946109,-7.372242952650552,-0.5803885621662879,8.985078194061625,14.737936724885605,13.10490981981323,8.66626908003255,6.6386909187241745,7.006581853216325,7.232546619761724,5.2562275078959875,1.9377190159322417,0.47953956002360876,1.1531874124712047,1.3766695362057915,2.3041149708992386,6.036795840708628,8.81359421895495,7.1804353766715465,4.408735090959603,3.664428795421074,3.9362216348705594,5.75263334873186,8.62041486185543,7.855709992030528,4.201797632616918,4.654724090919872,10.92713793461117,16.23495999415888,14.584987906426091,8.2390124442322,3.562769584315222,4.74107886318736,9.504702672417077,10.517452068494192,6.231542704186866,2.7803651599882144,4.051920048476283,6.1202464577631925,3.156563114492509,-2.221288893788053,-3.757776829876766,-2.06193430561299,-1.0080777677147097,-1.5837778038264378,-2.5314671267280744,-3.10770877450058,-2.67985243786584,-0.5869893765312213,0.8230166470685223,-1.4865292356247757,-5.881060398074343,-7.404607875847871,-5.557812881377508,-4.8559580785081575,-5.596965139987901,-4.484513119139788,-1.7299118422534718,-0.165304155511393,-1.4980365355139256,-4.604874192221416,-7.035878918084794,-7.17176142640853,-4.89902539040132,-1.4982754479852503,2.009176935969368,5.50498224662498,9.223699364937364,12.06191233461573,11.938825524141219,9.140829267466096,6.313417506008122,6.187671330410144,6.894136887134444,4.132643197336634,0.07310738252385818,-1.078362526944744,0.9079814033674296,4.357360457411794,7.282100390255803,9.604877511583233,11.6301478228727,12.51851556043212,11.880351832911728,10.307031242259333,8.27545161108089,3.9852202722135956,-2.0994685129223107,-4.223944187754363,0.7387841205777619,8.117544623292385,10.760829764983548,7.807828107370565,5.0411757938876285,7.2659511010999225,12.240333384381298,13.04291227588373,7.729028183186463,0.9622232716942634,-1.0661580716575898,4.1649302598340405,10.632038870136219,11.506639791193571,7.578175719210751,3.613315347899677,1.385986808286436,-2.9607183977245164,-9.493477590700445,-11.431788645820227,-5.921660784451383,1.9024922689801809,4.519853837768611,0.6957603476234393,-4.001226640164363,-4.301657869384085,-0.7388709902659887,0.6800430808435811,-2.5946037633681804,-7.953187416396302,-12.266508737069959,-12.514413795659097,-9.877284374274243,-7.6060041951220825,-5.4926653198254005,-2.194021973143636,2.03676544872002,4.674870001267694,4.7545735130757745,3.847701781945524,2.8392287120817645,2.387343759729678,1.353761322466454,-2.5676268324837066,-8.743380367711769,-12.615729164110615,-9.98832162008814,-2.9136554636140737,4.105741187461051,8.550968990842335,9.037490810192217,5.839511450293557,0.13916749669113493,-5.652121539336763,-9.570047213656657,-10.717503574635629,-8.357567858208707,-4.615817930470804,-1.4682456736507543,0.21482821314509337,0.12813402429106624,-0.07323831563200756,-1.0887748525848444,-2.7328474097914537,-2.4369294399606325,-0.9680428177639673,-0.31652795337224937,-1.090687484660787,-1.4610316328921638,0.10394965294186065,2.539331769510138,5.479961711237312,7.89540231179787,8.476191137020574,6.593026526347828,2.1496807528681003,-2.0099465793681244,-3.4744183233789236,-2.051382977140536,0.5185580638505982,0.6765633737748864,-2.222945482864791,-5.104257006332764,-5.159322572970221,-3.9818852264441933,-3.7303648907894047,-1.9901945841414772,1.2544237803662632,1.301510841035837,-4.86333657908439,-12.94734683891599,-14.805289708806974,-10.415228513677853,-5.022888924469598,-0.6320367155335358,2.6112356485553008,3.780908972878267,0.7198203936708154,-5.176037159304329,-9.032076218306383,-8.205076705396507,-4.1391203340921585,-0.17195692413574193,3.235195021092011,6.204073655864633,8.635960105139713,11.991784119611205,14.65239611156711,14.514649715782019,11.329821564198824,5.682476334288591,1.0517358509802044,0.46288947574950967,3.710722105837217,6.65611869198645,6.212284292874308,5.693386289621326,7.476928736571612,10.20942470116357,11.615990971183653,9.394443239698845,4.090436489932506,-1.3103968021518213,-2.6312799346097293,1.036403499285818,3.3986929638125147,-1.8126478099633747,-11.287009133542382,-14.707411029754265,-10.421872822722642,-6.565939818949635,-5.788807863246587,-3.8411478615758883,1.7997642837759056,7.148595388613794,6.7591179862596675,2.1366316089959927,-0.3770434178040247,2.803184962571825,8.023012236955106,9.088225284955247,3.0297612718113527,-7.769846285632422,-13.675236620569537,-9.083393628465895,-0.4027253159813782,3.916540696329065,1.5931864591905054,-2.5664060516089187,-4.059335861760243,-3.3648943736147388,-1.162743678524956,2.215314225303331,5.5589228361813845,5.813303056255762,0.8468302152015923,-5.739444188998304,-8.907623191970039,-7.285632397054728,-3.70801984519872,-1.1522294221619696,-0.637905684104263,-3.7771546890928462,-9.942051044354548,-15.167690135951492,-14.76055656907505,-8.420083615968794,-2.647618432458973,-1.4153233106401757,-2.8168748995407196,-3.513853599678903,-2.1807609456340558,-0.8272949401448031,0.8624912727997511,3.9009069077195075,5.742718833534656,4.539136468934334,0.11311423492465167,-5.7865043124527205,-9.78130995939226,-9.159092296831204,-4.521334795986123,-0.755349107070824,-0.22016705375094858,-0.40095720019076886,0.9161439346077813,3.2690300413811784,5.555052700166216,7.103710452178468,4.942608476049987,-0.9798358725083904,-4.858961600095585,-4.588518878623091,-3.2390076503979426,-3.2761130975435204,-4.320273808753537,-4.442367140410635,-2.8479632495434952,-0.046621422682380675,2.2685364062890443,3.7008825498623246,4.633800633763332,3.207869258364866,-0.5651103264795267,-4.614254865613549,-7.4093313691799265,-8.574791139429488,-10.346788806549812,-12.793475237847886,-11.856766400522702,-5.391394552965476,3.0755144903994047,8.36762320035829,9.340514662471104,6.8539697111145745,3.1995425125331796,2.2731134615058313,5.041750945528223,9.301097675789858,11.549608601710105,11.09239077871311,11.096287492954554,13.214606926762531,16.158056564022658,16.192498104487676,11.446335362616058,4.742442048226863,-0.1781777054203495,-1.4045188798028247,-0.8221381703290405,0.17204978843277274,2.500724182668624,4.448638276500642,4.502546489552193,3.9996862693005015,4.508413711709359,5.051399655426585,2.36728502814094,-3.8152252283944987,-9.734774690485068,-11.775628927588949,-10.384807349272297,-8.534419041391109,-6.7800109229232834,-4.954860126673521,-4.052327580631307,-4.712488373654976,-5.908112944105881,-4.9817819498951375,-2.057559742880864,0.2159131845463813,0.8395300337458136,-0.5276426841845501,-3.981177534651663,-7.467345281578638,-6.936284712739865,-1.8776639988873391,1.6221315963044747,-0.827393093243483,-6.180088678147733,-8.46289840142228,-5.2916672213483125,0.04496226866801223,2.641095171455211,0.974503033177168,-2.964337162718378,-7.304823501953333,-9.527776451480841,-6.9777029488921904,-2.194529200520611,1.7176888596658113,5.523428016250556,8.20260277096137,7.364833414909983,3.880181598541542,0.19393130728854047,-2.8651583082536343,-3.985557810877836,-1.3592573780963138,2.846975483454856,4.757834269758545,2.996531627119295,-0.2978143398365489,-1.0709105870344553,2.1766045682083117,8.209502834413112,14.651938732290628,18.784198488013633,18.0787758749372,11.960298717703045,5.399768235034941,3.612454149706016,5.756124720081036,8.358013368125295,9.450201793342398,9.328986807881545,8.828063096397155,8.935685678862185,9.267921171289036,6.750049133395551,2.1645479847601656,0.6249048445972178,3.4767552008974363,7.148241494100384,8.330164049507157,7.250392697760191,5.334926212744074,3.528013080510192,2.400541432916313,1.238595218539139,-0.014874120692560666,-0.14292374181329848,1.7179519364165294,3.937663748716936,2.6732891360757396,-2.2813801011124752,-7.127804194390329,-8.881571983698546,-7.416165835193802,-4.381932630652328,-0.6532511694410132,1.335861959713604,-1.378609977411351,-5.541354507712336,-6.304027167469462,-5.393621280149063,-6.508933193885243,-9.127616773421884,-10.611492389267012,-9.787350517975815,-8.907929797461437,-11.367346660364484,-14.854207622437098,-13.557678732616385,-7.719663861756667,-3.6418017485301553,-5.0560057273109695,-7.573992880598449,-5.436168985693829,-0.20275215795255797,3.6441974530455576,4.4707104184059006,2.6615949270082826,-0.17061000377034485,-1.5505587930216311,-0.8420856494370499,-0.701298318528166,-2.4007488309264975,-2.7934178200069035,1.8756399100754795,10.677891183255086,16.723973432158793,13.913813528753053,3.7332412597747933,-6.734307875359118,-11.453613024792414,-9.233685092400702,-3.0093265951512285,1.9825085545118633,2.85342151548668,1.6945233288814299,0.8864217092931259,-0.08093919321354326,-3.0928099878353166,-7.868803845551307,-11.201821147515526,-11.01884188496696,-8.082821428284346,-4.355206139927882,-1.3371551176072867,-0.3343284674253768,-2.026221314051094,-3.8894660934965417,-2.9832658221770245,0.2971717068158979,3.164042697512567,3.7560361361659176,4.087612193205363,5.015151867293005,3.6579769269289835,0.009327585636193625,-1.8456497902577695,1.480936138985327,7.88080660086437,10.996016029281567,8.374012354460406,4.3720828975919925,3.8447386392019465,6.464402284324926,9.983463718612155,13.130589435932208,14.145370736385397,13.133488525966406,11.686823188553001,9.041048276737657,4.398573574815557,0.64667821635949,0.42384476375971936,1.7523436811239907,2.4545803878204744,2.645310098506939,3.1531318629438285,4.969456042530989,6.579351080233032,6.748887141406534,6.057751242781062,3.7062274268727897,0.6118618224495247,-1.925944743679203,-4.95381460368092,-7.753671299985828,-7.256660373320592,-1.8421637132459967,5.368951138247635,9.211978105725663,7.900851377431163,3.7408947734495435,-0.1757414464570175,-2.7622348771560077,-2.840390048910148,-0.750329582817308,-0.690302472451485,-4.4019249023196725,-8.269342006753543,-7.33530440566998,-1.0513679097012147,6.293388079009915,11.750001571738828,14.163334204732918,12.858856470959095,8.624094402625149,3.0502924681117705,-2.0389188996866174,-5.734383854910112,-7.184235710346124,-6.82901840680365,-7.3490360025713315,-8.986126633384586,-9.473858261407598,-6.865093051292881,-1.9919957846722358,1.4444208321267862,1.1137340808647487,-2.336126376238159,-5.666372100663445,-7.051642728172698,-7.536938290524041,-7.254258758443864,-7.142397396619387,-8.425699811701977,-9.815586149695472,-10.203645825636437,-10.70262994023667,-11.464160021762979,-8.680834209025562,-2.151185047991083,2.098616935378102,1.3788880293501844
3,3.9341867212470056,3.039029419563022,-0.3216293120257667,-0.7181553736662885,4.603131889275161,11.401162018950732,12.123559624202805,3.653816946764941,-8.492384930842448,-15.582098832838852,-14.26900874274583,-8.410847776091693,-4.1169708983921005,-3.2520714364658705,-1.990796371824711,1.5784276672330737,2.4162951517561915,-2.1362912940697747,-5.807879207823023,-2.8915975671484766,3.5773940664262973,5.7778069663647305,1.0937693928116872,-4.064684042136022,-3.959106442355175,-0.9270701534560608,-0.6854865205910876,-5.558281900664635,-11.584478743107447,-13.269780770142216,-10.29064528726829,-6.199722065725769,-3.9857077374901024,-4.01711476132742,-4.127038025162028,-2.590357309495367,-1.6410668753574367,-4.140532733616862,-7.508673761837727,-7.200963210586277,-3.890870603397005,-1.581754532381769,-1.1298254789752882,-0.9618757708279233,-1.2847002816987505,-2.7034861891250515,-3.825325962333878,-4.068290275341923,-5.745245596938638,-8.823095030761287,-8.617938579697977,-3.6808147313809343,1.8368621318486795,6.0661142714599166,9.962372874360472,11.921397211733556,10.65133319928925,7.988767220162522,5.47898274387871,4.259781386330506,5.394086538584073,6.852810112401169,5.989076628420133,3.685997963485889,1.8582564861661908,1.5056372796796467,3.343660366242794,5.985533065561437,5.865960318576235,2.562425114065654,0.47907928498106145,1.345933318734886,1.0985768748612497,-2.2009807096990954,-4.953981637999645,-4.133488034051705,-0.3090282736283143,4.135170201766336,6.370184397459951,5.201719838847971,2.701666914200299,2.015023170053386,3.2720728871490543,2.267003414299552,-3.7900381468955544,-9.296046537331307,-7.171532300667714,-0.0346711702693554,4.041440898323923,2.592751202885882,1.6275824715669458,7.335911538781673,16.610343292071093,20.295327542750808,15.02116216320271,7.082640452894367,2.9741008449698167,2.116286380907635,2.536270621099158,4.967937216475676,7.792143752336916,7.458315070276782,5.3621689732516415,6.104732597204718,10.246092999789944,13.362012083177266,10.98341009291439,4.051406823097363,-1.7984630310962135,-3.5469761860067557,-3.085308776838094,-1.9050092358718373,0.7990155817735562,4.792291581380541,6.686933855594997,4.246241338136416,1.5540345021371955,3.2200075370176187,6.639017028400529,5.856908263810935,0.6545536293095573,-2.8795165324448053,-1.5606754209416351,1.3877800596872056,2.857328303246918,3.2541877603990024,3.878946077836396,5.153369555853098,6.112251815801455,4.8904323764407245,2.290900380932438,2.477257295269097,6.0984558595744485,8.062402896998837,5.79386997573398,2.274648770692739,0.6649669613084352,0.7641346026669744,0.035870851095094025,-1.6245749958908249,-1.5063807372003595,0.9876539424022006,3.3648146206947906,3.054471483665006,0.6357148277817153,-1.7922173242419213,-3.5809731159435145,-3.343804216851609,-0.4724149633227519,2.032155401933492,1.5796284775463434,-0.9981432229563048,-3.518666119752602,-6.525100665822503,-11.643360269875883,-15.90332217967569,-14.918938798156493,-9.622130442544865,-5.2360243611519905,-4.9693989482137795,-7.357792418903912,-9.760333994407222,-10.059545176200537,-7.283343519721143,-4.204400070508367,-5.127220039375992,-9.855235069034897,-12.393864366914428,-8.11361575175303,-0.16138818094346163,4.088761432938419,0.8801688202792128,-6.523296975300301,-11.375655604481643,-9.711018051899952,-3.851310806861738,0.13190990046419238,-0.7958314075782642,-3.2314073212814236,-2.544047804330326,0.2965328962304472,1.4890316090237459,0.873134779496354,0.8677261273902133,1.4296077871154544,-0.7800726753704517,-6.678132657546628,-11.2622912428076,-9.862435981462426,-3.788021441343112,1.641415188810866,2.6810618804734307,0.21127934874890997,-3.3029570745909744,-6.405051046212341,-7.9696489070625525,-7.719800517006695,-7.071423459584481,-6.601583913222873,-4.665173504379849,-1.6459553625889365,-1.4261408669823155,-4.614625305167127,-6.290641149477286,-4.237354206197663,-1.109949616355813,1.314254612847689,2.288212983943909,0.1926517728040782,-5.066736772117441,-10.084521398015397,-10.902000558176091,-7.795516912532623,-4.352619236186445,-2.560170867027061,-2.5638510871521962,-4.3575063321647285,-6.3895157883739575,-6.411363603536815,-4.382612240488982,-2.571572923090124,-3.81769816683504,-7.467658992212678,-8.447098604201852,-3.8441554817790404,2.8470117213057478,5.50596266849513,2.457719730287593,-1.3650276650852788,-0.7857231792658883,2.822297575836963,4.968945690789505,4.911851751666312,3.4065704831704586,0.4009497298747231,-2.0436581989258364,-1.5246015784825548,0.5562672878946913,0.029009976844008634,-4.219044255333296,-8.453441273069808,-9.709776388432894,-8.283003179740641,-6.188447439630899,-5.361416114675274,-5.191557293635308,-2.9235863929541255,2.4614159591816396,7.01999765039698,6.652667150525454,4.2846035896216526,5.335482743676228,9.445655743223949,12.684520381747268,13.839107985009257,13.15295432113881,10.572882733468537,8.323381958847744,9.309757137836707,13.663694691926263,18.21450771912003,19.54612836286256,17.0080419377123,12.25043062705398,8.750605591229988,8.213735526656723,7.908981216065158,5.170415127328965,0.4422540794318337,-3.774847225422901,-5.400901752270071,-5.049946940729546,-5.507064020657227,-8.77876927920964,-12.413846544401078,-12.112466693343105,-8.398102569277723,-4.80507762509626,-2.4825099706462055,-0.3429317481225924,2.1893490934776976,3.712072593464189,2.8870352143674456,1.1612539597339033,1.5838212277226873,5.28414524545137,10.385600483235827,14.146694510727684,14.960481380277708,12.488736973778673,7.786903573699892,4.43190839762298,5.190310762125474,7.831405545776816,9.255223167634648,10.553052067144481,13.799889811205071,16.38693346979065,14.907369712414464,12.006591599249349,10.806837531877166,9.229457805466215,5.765093129702873,2.227437868221708,0.0533867982708891,-0.380734861224429,1.7390313613483759,6.1756725895893325,9.744115136398847,8.58539048624322,2.849743873184792,-1.8131942226050484,-1.2547478561537027,2.4231348708548177,5.586245312821886,6.101507588078533,4.634392496540169,4.051131231260012,4.818061909504866,4.303566824028214,1.1448009509018995,-2.375824156219446,-3.5342599037692475,-1.1739811268957911,4.758484130505153,11.434082343784087,14.770644153870853,14.160048068460892,11.450997178113834,7.198728451745506,1.8749211968661896,-1.0076370053046433,1.0436776546926785,4.886702575412493,6.805342845144455,5.038293360439827,-0.3701308707140747,-4.866193401193522,-4.920837658106606,-3.2432830626998435,-3.056013786619849,-3.7310718993512175,-4.964220374405954,-7.692184715258536,-8.708032097761276,-5.046016022224392,-0.9615955725059324,-1.430406963147329,-4.885646128756148,-6.978177458602264,-6.716702248852702,-5.63839700188316,-4.914376166162841,-4.31812338723571,-3.234139296577821,-3.8691446472423023,-8.232100831787582,-13.291709136872647,-14.610271166661825,-11.6955361182119,-7.6585319964455945,-4.525536688806898,-2.38609345208821,-1.8859781675747742,-2.847065027919325,-4.372973315199303,-6.215550488473428,-7.406317430337927,-7.153239233425054,-6.207615092379375,-5.34326197813642,-4.240199707316834,-3.15194227698095,-3.6542586132655477,-6.178269650874629,-8.752188391734384,-8.122678867807366,-3.6037231607871147,0.4749804623591576,0.045302287067098934,-3.0658218207511485,-3.853397490108337,-1.50122587771353,0.6213628119491279,0.982779493285121,-0.47359591747319296,-4.397171385782897,-10.31816933651006,-15.024717092066746,-14.725255414347961,-9.802549187930191,-3.919236281538622,-0.18642189688132582,0.8024082351229884,0.5963160043709704,-0.19207831378656293,-1.8235711220384667,-3.885961581981507,-5.156403134471212,-4.318186746494398,-2.625399035228063,-2.6972773233238536,-4.91855723427766,-7.436987289671032,-7.535894226397407,-5.045546211537233,-3.4963516399733905,-4.852106641307291,-7.663015970986093,-10.458172683666415,-11.864942231901354,-10.262099555986802,-6.9893038838196615,-5.861916186604901,-7.375187128440204,-7.890300335546744,-5.416543766794943,-2.4129832185621067,-1.5102024904900269,-1.1170541679081634,1.4809941585717894,5.175565449543932,6.6334815656138915,5.773313902830926,5.578526942912827,6.309335990486624,5.718354763749414,3.6154527600245094,1.445447719363635,-0.3440202700875137,-1.2700316827560165,0.8947887551369416,5.704250433097696,8.402196360106455,6.582504234312129,1.9195725650137643,-2.564303403873722,-4.2073158593929385,-3.298791443155225,-2.4801826419284616,-2.992905603494755,-3.0399101600641636,-0.5699843887595826,3.0342570744132704,4.336425299381268,1.586339500430583,-2.939160140949756,-3.645010420555634,1.6071696100245596,7.0748645903523,5.772735203652246,-1.7599822485337917,-8.684680050691307,-10.138338759444764,-6.96270387138474,-2.068012033670617,2.984119886606238,6.316426361505403,6.234082484585455,4.060698154173734,1.7710742220169697,0.8641655058617452,1.8727560466672575,2.1765382061658327,0.5078893842942644,-0.900613455083338,-1.3973902045539308,-1.5192820449512459,0.2599187987496929,3.967802495668689,5.32632393152235,2.6177642250506956,-0.31996587690558975,-1.5202514059954026,-1.1680313514971843,2.5658070678328144,8.454350081852734,10.873329315598932,8.987332365633193,8.600292687246426,12.472420298884462,16.665111428784776,17.38002169486475,15.291925050384553,13.7096182488216,14.643150298515625,16.100213373423237,15.28519442555689,13.113415518904224,12.36399464211105,13.34021581372299,13.29536392520363,10.65692597427984,7.962775161505478,6.9886522288661395,5.697091889881399,3.754127713335963,3.5081055793698277,4.596850316290574,3.9467015818583437,0.5264109901312359,-2.832060494454786,-3.4982366309634036,-2.6070429391899785,-2.0336198080496213,-1.8370887164663992,-2.296801374110954,-3.5901727245595345,-4.013167412195507,-3.0192555374818935,-2.9708825464390727,-4.5988417782702165,-5.760569006591775,-5.501559036771895,-4.8670370720909935,-4.739710250176019,-4.290543399728271,-2.2262634040668354,1.0311223458433614,4.16834680172124,5.920306237226445,5.437194416083811,3.234411974721791,0.9374594961105105,0.6428191649899997,3.044891950212831,4.5735503095192875,1.9037783188492288,-1.9402293927951,-2.8074801286029007,-0.7469517157049061,2.2868789322853136,4.832628222237574,6.929317767866291,8.77772350413629,9.096362047575493,7.285847828545189,4.490570379981422,1.4906464651675968,-1.7942932965484637,-4.4360006885860965,-3.644058808933133,1.1426177284550239,5.5629659216061835,5.769414995568942,2.537948900920087,-0.05262560368862168,1.4393005164321861,5.048099250602338,5.625986502789335,1.7549693461150202,-2.77184435794737,-3.2282948960174966,1.0965415230512354,6.062339039552047,7.3857604321648305,5.030815548979552,1.2874226660602979,-3.9085031013958815,-11.088194289490124,-15.547787422156112,-12.519766375442124,-6.166339983050749,-3.9766257323319607,-6.689589545843486,-10.337501671033072,-12.321245730442929,-12.165865598470747,-11.263898870108882,-11.215469505089592,-11.647471092652022,-12.58334077982387,-14.634261663407708,-16.05471995299255,-15.245410763457155,-12.45573478501085,-7.713720613355779,-2.5255093556850303,0.028431596081153643,-0.28857117560195356,-0.8027977088705178,-0.5889992389561964,-1.5721487422693974,-4.40748871400573,-7.237534264346284,-9.513662911045213,-12.418551819860276,-15.220006383830423,-15.073487297026716,-10.417317923259159,-2.6963434409628926,4.167087809820977,5.831500780313698,1.7531824148209996,-3.752605920910922,-6.851915819880999,-8.222604174428628,-9.769115227676137,-10.64897681585614,-8.699062755569344,-4.057184984425831,-0.4446359939596398,-0.19599799026723197,-1.7223092489940655,-4.330260740323302,-7.040280119245147,-7.256034669261643,-5.729097833503108,-5.324526585649432,-6.085668251506215,-5.283978039066064,-2.0493064771581224,1.0958133450865297,3.0232854416450756,4.519860369735042,4.864106426720452,2.579974857930279,-1.9387599894149066,-5.609925891015854,-5.5195987150365795,-1.897916759269799,1.7994095944210855,1.4481208761105169,-2.420400281196968,-5.056731377207585,-4.417813343807179,-2.45143699190362,-0.2461081728245489,2.918588327136966,5.22737993381681,2.4790421751403233,-5.603620970443991,-12.716532443196007,-12.758818763166905,-7.756836341589983,-3.218755633689897,-0.15185866831404837,2.607072144665497,3.8508483190940686,0.9811902841673188,-5.047944006416849,-8.995580151424065,-7.897181374452013,-3.798405739610864,0.9609490899429007,5.873057642029256,10.165272128356381,13.604614533787663,16.75373588639821,18.02453581868987,15.856016783475972,11.47853824753805,6.180906274982487,1.3420762264490236,-0.2985541338151725,2.0107649516435044,5.197759709320901,6.817901153191691,7.8720663555955515,9.196386633299902,10.282242132085027,11.437846425300862,12.821916571258614,13.05862033331965,10.758541197006428,7.690424032652919,7.24399997767107,7.852035208597693,4.854671646835365,-0.7922542274257509,-3.827875046076672,-3.078461276558679,-0.6512888225063946,3.6440042191473356,9.906105958035702,14.842623758836366,14.932004744015233,10.703852841403943,6.955947323380816,7.268064815887429,9.49525871454323,9.826648502967254,7.526993961019268,3.1777391320184734,-2.0492189615698315,-4.553374909506349,-1.7473640580449317,4.120134619411754,8.87783512997603,9.761962808326242,6.745573756792481,2.594127373862328,0.8950819115783197,3.684763399563255,8.477344007409611,9.589201390337326,4.707715526475798,-2.0491445678834532,-4.772441877074049,-2.8926107580254836,-0.9605694113476453,-1.776934351187136,-3.07610911980301,-2.7495499810631774,-3.786646207718089,-8.741349277579083,-13.79577310460201,-13.186237469745079,-6.834960033583369,-0.3585671369051262,1.4736598908116285,-1.0981980631985824,-3.439410816760436,-2.272364610160974,0.3482492568908526,2.8230240129339315,5.64646372990012,6.793826577860596,4.02172592067533,-2.559298189933557,-10.2937463492773,-14.361441207352856,-12.438928689687549,-7.296822908638029,-3.3077515853380355,-1.576295052573256,-0.06582450172903265,1.6435042844960073,2.110314410266785,1.9521410292881924,2.3560816757227947,1.5964395204514368,-1.6713184668526608,-5.282895362930454,-6.642443251422563,-4.931409387241262,-1.6414910666145257,-0.10183063574739748,-1.2044511990401663,-2.0481106352690066,-0.47401434562562095,2.7564715972454703,6.000301311605911,7.037713079610257,4.165798701709729,-0.6028160029512724,-4.413144623023289,-7.252087957002484,-10.332742784909822,-14.568527073910447,-17.76645844471018,-15.346855418128754,-7.687985143730112,-0.4538356332976612,2.922556434043784,3.316653248332223,1.7652083165061647,-0.8154066326254377,-1.9965697743601805,-0.5135999423304423,2.5690003354034605,4.930845067002814,4.853429975853146,3.6449247403561955,4.456580565063831,8.258835587974605,11.066877486876761,8.1065284084586,0.7775371931457928,-4.305014384148803,-3.5079836882613686,-0.4722286350021907,0.6298472929905874,0.16747836113644077,0.07685858324020778,1.912955614568055,4.8992289742135124,6.142614669285671,4.206990384134731,-0.3827645725502862,-5.121633893321983,-7.272892455119457,-8.062805866507922,-10.375927348643682,-12.751761202773881,-11.361479545174646,-6.844721825311842,-3.7161038423039265,-3.8722158342381308,-4.19167100305329,-1.2697621437599649,2.933752782920312,4.092161014138025,1.5757006776573892,-2.460104538001975,-5.462659163244645,-5.658626344276268,-2.951250421091647,0.8839085010637362,2.1770900779223332,-0.41496046974416956,-3.3535514998569944,-2.688692194143595,1.5791301659915007,5.217660162338532,4.889487481419234,2.3354825135608843,0.0030287608524073306,-2.4483857822324433,-4.160244479344019,-2.9632221529853364,-0.36769560124929335,1.1805903467922647,2.654471454380107,4.559960743979703,5.083419095551232,3.4885485582749913,0.825757846237126,-1.7043194522611858,-2.554208577132055,-0.6587720781730209,2.095638215385071,2.7235877760627805,0.36087744446274606,-2.8508049477641535,-3.2505223860201333,0.2963730637029176,5.951794025017868,11.226165012115446,13.221157537197989,10.002441235976455,3.953387127493018,0.721443449578949,2.4571185140865826,6.046773310982658,8.516789966417225,10.144127588189647,12.464661794677555,15.119309356818235,16.393289999187665,15.206624959973231,11.744560156587031,9.269550030321263,11.53988531647757,16.83261639653066,20.19903759878457,19.693503610989087,17.19796912223979,15.063997828108672,13.424774100204369,10.927155011168793,7.012865972858189,4.020550434325083,5.489798874137473,10.393015685090578,12.376345534630952,7.047650174475947,-1.5696920232558806,-5.702449748273407,-3.8455485433620584,-1.2095262677197312,-1.3811242013180944,-2.0800333504765813,-1.444643953983956,-1.761101663961087,-3.6312789413986746,-5.552522097095514,-6.8231481022087905,-6.551112668569399,-5.329036804427888,-4.7437347448080445,-5.072354197582309,-6.951642614931327,-10.681079004318129,-13.19469309359173,-10.928974886561154,-6.195537835137971,-4.7373783730692836,-7.096263919634264,-8.243180028805634,-5.484333396548202,-1.792794354834001,-0.013354568298984404,-0.08394120948522144,-2.123299287236934,-5.4844489318073535,-7.788071971650374,-8.039336506280636,-7.781954414069572,-8.425060257686209,-8.223881105400366,-4.301201918809568,2.6399066272829614,7.773899135053757,6.346202966124956,-1.1185323640166498,-9.040355273300928,-12.662588790959745,-11.755977813550654,-9.585081629941168,-9.651071031627168,-11.774643452658307,-12.166308208133207,-9.529675559641625,-7.674588784160022,-9.65941288221651,-13.299797273283374,-14.709552124597652,-13.792683179803412,-12.606281258610771,-10.929530603648189,-8.540095872300569,-7.413548495521907,-8.157497129954695,-8.348154559097408,-6.035633372738939,-2.268739970101276,0.4663715507576054,0.892888150812019,0.5301894220068704,0.9607971087559521,0.9889996565294474,0.14263505628418294,0.31844076657175613,3.20749804843385,8.088147273239173,10.942360267858556,9.558746211282617,6.904008079915197,6.021157330334603,7.400293103836622,9.709341800931035,10.104826421014684,6.971869047612978,2.650689489034422,0.815559448672678,0.860270066793865,0.0885882530292017,-1.2883914898011835,-2.482545474741465,-3.403722777206699,-3.241745547900117,-1.5597995590393756,1.0813178571320172,3.4145976875223756,4.321109236838256,4.649217347833378,4.852778322882022,2.9021946839811807,-0.9971808574930634,-4.671943337829768,-8.071715313550076,-9.91396960510589,-7.21244813905106,-0.5874572876564752,5.889931857780589,8.51479529248087,6.1677089399473,0.5146385712255288,-5.478962895512403,-8.391745176315935,-6.468065160706438,-3.3798081781225675,-5.1622404057071325,-11.235660437680332,-14.354799732408711,-9.979596551964939,-0.6921741095107876,7.728127624732709,12.520784770711497,14.525262467450052,13.829537467703151,10.048681833282927,4.242566203755128,-2.024955397140749,-6.581098847459941,-7.574848401193611,-6.269318863965916,-5.329159698011669,-4.2907176851873245,-1.2866462890196555,2.7232563508148866,5.37361275719082,5.696673252315991,4.065828532963103,0.7163821618042086,-4.02724448855553,-7.977157930408241,-8.780256289529554,-6.489903990383793,-3.1254113819620732,-1.275143999000008,-1.8843394830555802,-4.336497736537147,-7.58877513797356,-8.196087212566416,-3.2065820263066005,3.516161808826915,5.2483300380027735,1.2646024732455352
4,0.022594564956946783,-4.348348003188875,-7.497353196217162,-4.014965210127372,6.079327818955704,14.827967570715309,13.560991961679136,1.395572056362134,-13.240606969439071,-20.612716809597032,-18.042932192715917,-10.214443831584369,-5.705883254258783,-7.928472396290928,-9.336706180676,-5.446461845844539,-4.2301188634100555,-9.939926842856202,-13.496804029648445,-7.11727125365654,3.3591321330807418,5.151984306328025,-4.6226369253152235,-13.941614772641088,-13.169918458563025,-6.814204442608968,-3.9410826757988566,-7.733915687638622,-12.856214912844983,-12.100908283846437,-6.803807288550839,-3.294598878641775,-2.957436899503115,-2.8116968689394852,-1.1714267898909227,0.42414638207012345,-2.2202970955525956,-10.350429411019288,-15.855363311663174,-10.935343920323177,-1.5910825868804856,1.3606119295617383,-2.192216966330342,-4.919774061246452,-4.180922897043784,-4.02227350984683,-6.339403799893988,-8.781275783249487,-10.631222026705078,-10.68195921161237,-6.266502516848192,-0.04827473364071544,2.895014827442065,4.951496772782896,10.490439017856545,15.865269980490286,15.676678266866734,9.57292444566859,1.6773446513672994,-1.5000799590609297,1.6276797768852376,4.698849159863858,2.84713561973739,-1.1105794000251947,-3.835321025209762,-5.681418396522474,-5.782603174587514,-2.929754386213844,0.30869048515619113,1.8032141305354266,2.9502549958510897,3.119284786014415,-1.1260275393680779,-7.8408605170369725,-10.639536046958284,-8.014600511824113,-2.73612094340416,2.6935759579281537,6.0138972133878,6.014128822127919,4.914675297494284,6.294275861637946,8.934657369830038,6.57964140392825,-3.113564703852724,-11.481565851118535,-9.83004390006095,-2.6405295032527434,0.6246673487571464,-1.8512564108273288,-2.861966713736889,3.936247887889504,13.286398373261884,14.858231367548072,7.358753167050864,-0.6056429154053529,-3.74854403224224,-5.231427611245952,-5.268544494992877,-1.532052917766439,1.0310724460614704,-2.5848448676680746,-7.311542971512505,-4.923865391985776,3.599391550286512,9.031644296589825,4.5721018480677,-7.503042011211161,-17.739028881429768,-20.24519574854479,-17.633342520554088,-13.705667229775038,-9.070994713726016,-3.3476664595505135,0.6733315507215369,0.9225319893076005,1.271864610243469,4.0427545557382185,6.534298979788513,5.427877790544462,0.8411368754490063,-2.281744471893248,-0.838172198057114,3.1679167527768257,7.048263126341787,9.780354643501672,11.39558985221835,12.307091459009495,12.988941394511846,12.49669234589605,10.653224747344732,10.361787973551314,12.045297880431571,12.02036940191493,8.69059320188029,5.014888671359142,4.247002852515188,4.745425706230458,2.892018964846546,0.22241168843912007,1.0980540246235764,5.308007542633296,7.662981131658459,4.887577071786982,0.8457006145840644,0.028300887053232415,1.2017642920650893,3.9380419547174395,9.565184457673135,14.702121705009064,15.5808539241087,13.338765605567188,9.773757330936483,3.4508769985505836,-5.609004580184266,-10.364453623380854,-4.640306884697985,6.393759163020146,11.969557945850784,8.899555260499408,2.9171514572744144,-0.7934884809923641,-0.5536447100747317,2.9576609527732636,4.585322394673572,-0.27081070061263546,-8.116123650881633,-9.452352598480378,-0.47486188565961385,10.15209511583626,12.527038933848486,5.601684072321369,-5.53586130657127,-13.022415943789357,-11.122554172948064,-1.9937494273113594,5.649265257130004,5.562988674375784,1.771579515468214,1.574643108002645,4.954869836275924,7.4203706186461815,7.579956725499015,6.924563355890987,4.386803674950665,-1.974600856856175,-9.23404922857663,-11.297365299146023,-6.006267298702159,1.9305635237063639,6.925525736649397,7.842491068649618,5.998707311959336,1.955061561437983,-3.796260878020493,-7.446352696346305,-6.283733803439832,-3.813455537412514,-2.768516624906361,-1.9405360504429137,-0.652348253896335,-1.0683428961569206,-3.7146935785712047,-4.467780349580375,-2.664763588897835,-0.34543400250938383,3.154216203025335,6.035434359199955,3.440424910493288,-6.183777152437164,-15.850708892666912,-16.180237684059705,-8.157160835241912,-1.0354068517677337,-0.665386320256296,-4.853691862730635,-8.386436644237504,-8.37153397090951,-5.5009344253243455,-3.827411708708736,-5.830597840400884,-10.602540909015207,-14.783529822831028,-13.127110360878,-5.350782151154334,2.0993468604355403,2.7883614314830503,-2.296347851691781,-4.648109922892543,-0.38259536223678303,4.142110264784941,3.7457579221007666,1.3956635683379357,-0.5415467617470089,-3.5703469702978587,-5.713504786575453,-3.9049542705814906,-0.19893338747142408,0.7119632071613107,-3.462583253681946,-9.59390473188816,-12.65497413097937,-11.130912124968091,-7.796042397449201,-6.279714521739782,-5.790200143703555,-2.943993516806003,2.5805689672090173,6.8374616380445445,6.662540212165508,5.512357231055102,7.279386486508251,10.047652685403698,11.620838515300264,11.905359493816036,10.088461171397896,5.923558585674346,2.2535422938249994,3.433469341986548,10.08508292060117,16.483645247222295,16.70572849031685,11.077711164430934,4.316173819152198,1.0854883279293226,2.283217917279554,3.6227460488111536,0.8234281358030788,-5.736412946240858,-12.072473186086949,-13.95356486501432,-12.446639536797305,-12.559702339181417,-15.546636577233594,-17.76997469806361,-16.035210246212415,-12.402323998043741,-9.21104252838741,-5.214155886898103,-0.8240487260433227,2.150323226896356,1.8541658768321514,-1.7482593825791888,-4.152231028185577,-2.055122091190542,3.5412314841420027,9.201068914439777,11.4885486264058,9.996846792856939,5.172067538483742,-1.9226432836885214,-6.848730814208247,-6.0400432254097804,-2.403640551314832,-1.1916397218173305,-1.0150537218077553,1.5181424582360714,2.6727328127492442,-0.45243383086540434,-2.6013895863047094,-0.03560512851311404,1.6960533138094922,-2.830376291413463,-10.194900310417081,-14.463028859272283,-13.23738694605778,-7.417591611923694,0.021232185933186543,5.16785187207968,3.75371753245593,-2.9655345898357304,-6.4295722099422274,-2.1337363061735957,6.22641888489073,12.986852759710002,14.500429062624836,11.827068806909153,9.46386819469089,9.258900454663546,7.547513578924313,1.676801941984241,-5.432824576373221,-9.351244045538177,-6.382814891395817,4.000346480329544,16.345296461990728,22.655872179369275,21.203224319674128,17.450670806333033,13.753962606905144,8.404864459267163,3.2281751026961842,1.8669890546805448,3.739145801085625,6.172467689745211,7.466264953619534,6.935480308059766,6.52532521138145,6.9393969099914266,6.055961387569244,4.905501878436211,4.939159400039811,3.2583626197047764,-1.404287564720038,-3.4974086327178986,1.4692160109760657,7.739049902770073,7.752718966821971,3.1527320490446566,-0.18650176332259427,-0.18788068294613414,1.1867094518042194,2.113756801881536,4.3357210913275654,8.650697865124556,8.959537899858345,1.0090348963402294,-8.3782635969144,-10.708458364974234,-6.157137495619091,-0.009799288523723249,3.8382907197203515,4.272351896976833,1.7666120055035712,-1.8048395047395331,-3.5272875897785454,-2.109710867969845,0.942727608214458,2.4692613245001773,1.038801769158347,-0.46773104797849285,-0.21482487679083384,-0.563636386669315,-3.619827701233742,-8.819068814331196,-12.085224795205484,-8.416987778403591,1.3924618329397216,9.241261793174862,7.469538423250575,-0.7138414264136763,-5.217253167042906,-2.768771463954552,2.6609297092148747,6.905916261086936,7.2055993206763524,2.0940607053288787,-6.51745936931394,-12.83114322123436,-12.715540937727972,-6.9840397236691745,0.5393823619063696,4.973302078270258,4.7965526034062425,2.57976912358063,0.8852317716572595,0.5803175746281362,0.712119327485401,0.6751170290685833,1.5168573464866117,3.041922924982914,2.9091991179783183,0.15263920387389596,-2.9231856605563618,-3.3588989757651535,-1.989109040249816,-2.8471467670807176,-5.848996003065222,-7.955138650237485,-10.225061099469391,-13.166038939026615,-13.144858106931853,-10.094425139116902,-9.962269322800635,-14.17390094772852,-15.66760645248407,-11.747596747414084,-8.073706529306246,-7.225738640802273,-5.8416490017959894,-2.1050163931315686,1.2889357509479744,1.8549418655714565,1.207821042793391,1.3443566702539336,0.3413117641480863,-3.5002951321118356,-6.8715473244779135,-6.322337664054677,-3.4345922082313027,-1.1063842350394126,1.200685126094081,4.140373474620882,4.375997687336094,-0.30573411198581013,-6.881902364944313,-10.716695776694886,-9.971089684723616,-7.331854092202563,-6.243492492855392,-6.187906689932685,-4.370567274593013,-0.14279162456713124,2.952344308696091,1.0060576475626934,-5.919672263205335,-13.517541741405509,-14.12860655756889,-5.792027546313285,1.9279426938707704,0.13409143250839328,-8.734875785912937,-15.539734978102656,-15.261652135663343,-10.054588614429072,-2.8093931579704616,4.571656022862918,8.075552164339141,5.917496881263075,1.2355990146897753,-3.4386873577227215,-5.955655384084233,-4.652798761367832,-3.1287936563053513,-3.9433137767119124,-4.497006675869375,-4.565206543933403,-4.866534443630302,-2.5219535422501345,2.2372703164932304,2.7813342857197725,-3.4532213647370043,-10.35658839858052,-14.200632656693703,-14.86092912205693,-9.914639954656352,-2.1147189544285077,0.3118373906683791,-3.3670650051198248,-5.242826641315955,-0.9771140432267513,5.049941474581045,7.322926400777757,5.111200461216628,2.3203131968943427,2.2983447905479566,2.481972731593719,0.6457556507396345,-0.3753272412636859,1.3016377752329298,3.6630628214429692,3.7023878158525827,2.0730582637538975,2.1335381489986673,3.4046939088134227,3.209720681926079,2.8020989031680816,4.253410422894762,5.379233484946559,3.2599576197182114,-1.4708506105758055,-4.931140887604548,-4.268455326325977,-1.1821666525907837,3.132513154041442,8.6686847540345,10.795231241626718,6.605101327441176,1.2873459797970943,-0.175542580275315,0.8122804245302078,2.0415672528553195,3.5949908642318658,4.233629276029365,3.638753794945916,4.196034267795284,6.658169669598612,9.114383478335924,9.759485566297542,9.675879612931999,10.333078821874178,10.242746958164018,8.28977148229447,6.172771870227243,7.290073198417834,12.588945863950885,16.44267303371853,14.57803917336924,10.380041083232104,7.3014424277454655,6.134887777100193,7.595246151438911,11.301010476816323,16.110702001866247,20.134564031128164,19.984957121368055,15.054506290273865,9.43459975247842,6.322203933501033,4.945281636020313,3.5196905860453302,4.215539878386307,9.156433657435361,13.8575976980991,14.106766945779366,10.737324947214082,7.996797025868226,10.15003136540566,14.08293961253682,12.977371683669833,5.95925108933513,-1.2233049598129604,-1.7907625016857045,4.929125304035455,12.394881958258779,13.765274083880396,9.58110250918082,5.485641656273348,1.9927741947376578,-3.3682373847479177,-6.4319785885447835,-2.9168302750849158,1.4274699821106642,0.05212389140780793,-3.722750690933079,-5.198959721195498,-4.899059474534887,-4.419441452598042,-5.329862163851713,-6.926777470292317,-6.930523121172019,-6.526605753116957,-6.825376012202778,-5.926863967968407,-4.08046430047275,-2.94713080164453,-0.899816567987699,2.3381514877759515,3.6841455104229137,3.3364493741035517,3.7590138105721493,4.587030541766854,3.2326351407985907,-0.657752104828143,-3.791096319631607,-5.417990255577306,-7.357182467371246,-8.93384636984215,-8.631529243196862,-6.12583577663714,-2.344603023643065,1.4465354704313897,3.272707580753522,1.0710656988248228,-2.4840564620131125,-3.4546486877777207,-4.209749664024332,-8.11520124125468,-11.224911999640065,-7.669028240560683,-0.17350915724079563,3.7390704828631183,3.414701487326127,1.5707081569657726,-3.8542937285373746,-12.047895987353506,-15.513821709229003,-12.162736156166218,-8.829821602121728,-9.182367796117056,-8.527476039102837,-3.267719555191932,3.139836370663101,7.225692464866035,9.251099479115437,7.74063047452089,0.9816389844576019,-7.7696196652955205,-12.471132668833693,-9.931548545688733,-3.1205476797142424,1.518982017669071,0.19675192240521655,-3.942396682428103,-4.60647017610542,-1.1550592850330794,2.507160897380782,4.816201206207512,6.3329891005025445,5.297741066265726,-2.2027671649415277,-14.254306315190888,-21.62101290167194,-19.07268454973063,-11.218524344278764,-4.499230393743829,0.447157174937562,4.209653998729501,3.602349841365217,-3.3221940956747797,-11.922532556170687,-14.833663323220492,-12.186457775081365,-9.775689208002195,-7.589398275400321,-2.411357161439394,5.126488577696749,12.359685358089251,16.933781345564142,16.93560674539677,12.359987530489565,5.431356986468739,-3.3791375066300544,-12.494752625371977,-15.490287623571653,-11.224223587030401,-7.0503050146405535,-7.288695704365102,-8.888399954177881,-8.1790118775155,-5.415847569535853,-1.4101655783674314,2.506178917378998,2.478868507590148,-2.6204230858579507,-8.272474536109256,-8.831001898265601,-5.800869209731513,-6.274169964201886,-10.503072750170013,-12.890353077109678,-11.903199993108213,-8.907849493740443,-2.6513982816704846,7.1510522129249505,14.701738465635419,14.267706732120665,6.965133567745145,0.1746255637896157,0.4813984630726509,5.51242982301026,8.545711422455636,5.726240851863292,-2.1978631421535155,-9.132540921768324,-9.325292073314069,-2.993576916292728,4.610029037905104,8.572088238601136,7.791769936074999,3.4407854712630286,-1.301726579386571,-2.468717329616343,2.2946085708213957,10.418247607138811,12.996586091837283,6.045640554880803,-1.9450052993986766,-1.9487554780928953,3.5220381405992587,5.450388058299307,2.0281068953121935,-0.47598774180755044,0.17043905636699108,-1.293592295132262,-7.475123725506609,-11.669976237710948,-6.89222444040612,4.007365802862215,12.572935039462383,13.618005662418126,9.05893339926375,5.0796687880455735,5.006696088188971,7.22186620205067,10.479473616590319,14.702428157519417,16.73512111932787,13.643754828990703,5.769865041975864,-4.053565926694528,-10.342910484160177,-10.127563449315137,-5.765069833053865,-1.3706147828906552,0.9874447830857829,3.4610417231305277,6.8569571848507564,8.527474814038467,8.746523801725115,8.719284242683067,6.974143540099558,2.5462127519313107,-1.966067884252789,-2.821359945669048,-0.6063932955990747,1.4821083208186447,1.4085723838434987,-0.7296639567846679,-2.6507088838984547,-2.8683070395956545,-0.6100434423093795,4.0163287747589145,7.313205939047727,6.228994388986415,2.497768619491714,-1.2539863980084434,-4.861319942759982,-9.088724117146223,-14.9466054078584,-20.882979498600932,-20.591139709474838,-12.604946406504567,-3.9571244491383055,0.05832340077010301,-0.6392701952658157,-4.320769059734307,-7.9403080543104485,-7.429456548812407,-2.0740842520071787,4.173133391460965,7.629978280435704,7.163525498302471,4.918466008225607,5.372219878252359,9.210506737269599,11.635432509435537,8.1550276343382,0.6587958428367635,-3.605030067041355,-2.0937478648392283,0.6949563802331236,1.8698648851882282,1.8584680101716025,1.7713880650791012,3.832330260037865,8.619940812185563,12.288316316466808,10.575671141321267,3.4180578815346188,-4.2365288016855,-6.920151444016332,-6.611191922427174,-8.99640460836878,-12.391586256885365,-10.981016866356592,-5.673939045242101,-3.216558177541824,-4.733987004140225,-3.4529530472189585,3.0552248661954646,8.370863079843778,7.266292273838299,1.5164307875639267,-4.798273228708197,-7.836616873817729,-5.046293850320872,1.2062057719742363,6.165226716558774,6.1392288607397525,0.7787060018074143,-4.483239037091057,-3.814000866586575,2.7666993046318833,8.536044573151482,7.370243801334528,1.9793807158035577,-3.1534332334664406,-7.414938025954761,-8.652662497343725,-5.0683859474029,-0.09198958551534098,2.2997059969288642,3.5815493418219493,6.01008701798194,7.1105733898591605,4.8380220218620025,0.5216460878795237,-3.297895925511022,-3.1240913686980063,1.760011553993146,6.926847452658286,7.293216355389122,2.059948776673446,-3.848234020223522,-4.624055395832025,0.2453226657556442,7.239924604953693,13.051974472357278,13.883423270252592,6.564775672163876,-4.794830006957957,-11.519470049176697,-10.547803027903832,-5.726836285477535,-1.5068286896176293,1.708367211439544,4.9754711286145685,7.592024217526519,8.233922356741555,5.138788125550175,-1.5128009398576223,-6.2264830645797815,-3.509898188830581,4.078426618472996,10.145197017669597,12.45680101473734,11.439087780084556,8.634789908005954,5.941059714998582,3.2337309919864086,0.13868618683235723,-1.8997665458278457,-0.06894310501780554,4.802910691558721,5.886773713852952,-0.5822086207920965,-9.270289016576843,-12.633382673917794,-9.911911862660684,-5.786248626536185,-3.097317217448678,-2.124240726112692,-3.926902085263741,-8.350693881619303,-10.951613512156877,-8.830990380647485,-4.605230040970525,-1.8789027177168496,-2.2779091744615645,-3.133871494530716,-1.5867575559063303,-1.6323656641918305,-6.880017480016326,-12.279667306538217,-11.025981122097221,-5.340516683441759,-3.203672925140461,-5.677434054177164,-6.696914811480596,-3.1587734491575965,2.001392945728618,5.042273446117559,4.697916857160376,0.5920412114018845,-4.928913935245378,-6.90000481168882,-4.578004627404056,-2.2525457237772812,-2.6623360217250607,-2.5897444257477775,2.436268422105261,10.842530106120496,16.27198517853746,12.850128727911763,1.3721911897142824,-9.321225922339089,-11.749242961400185,-6.819718017227853,-1.847977254578817,-3.424350001029051,-9.508742991100632,-11.768106351973891,-7.596165476780822,-3.8158668468672037,-5.583109733681182,-9.73873627798099,-11.958990973415709,-11.860183194191531,-10.110951844291154,-7.137489532497398,-5.116127007548375,-5.578051263470266,-5.884657994920545,-3.139137624683542,1.4465334141594548,5.003725158666052,6.485007918515873,7.292192839430713,10.051574076307823,13.850049045813584,13.560925091769613,8.850946874797838,5.394220115425859,6.666697674649183,11.089325890139698,13.68041219847458,12.791239748214451,12.063270588632875,12.84063644717602,14.235065059092191,15.223724534100024,13.835696557302699,9.893197618003338,5.832084454892344,4.356550224104433,4.198438771117388,3.01419762313707,2.2899089542096043,1.950408161755881,0.059914806793348596,-2.2131978991481467,-1.7566243652333613,2.882067520633795,8.373390252775348,10.283330669816538,9.46247385662735,7.8709141857094576,4.567708145441454,0.36525905559563654,-4.075029580436545,-10.370882902025674,-14.411486450637327,-9.991319964005044,0.045904347294225545,8.391394427586118,10.228874423626378,4.321673992607749,-5.616439908440427,-13.170054546884895,-13.121780764031953,-6.417109688626436,-1.6023612658635873,-5.1031805757148305,-12.741802501694062,-15.389253156485205,-9.128067924885102,2.6515030429895754,13.051836923914234,18.125335085564256,19.101156769502644,17.14479645821917,12.604407186222536,6.831394343931063,0.684280868146951,-4.734149100450359,-7.63128217270569,-7.707534490172629,-6.626620880586694,-4.960236316602569,-1.6747248528912095,2.161207748249769,4.56142975709123,5.194015640714783,4.024278583797895,0.7343769159255324,-3.9512312742145173,-7.309382519475546,-7.9897961379619025,-6.560631069191497,-2.781008342561913,1.2801671504155117,2.1180424285449027,-1.7381765299259797,-8.210352529864384,-9.489200084986756,-1.9264411273806203,6.214589246887824,6.200571196526079,-0.8713411551242842
5,16.038449509836802,15.052466190373067,14.084847585916393,13.97858631541775,15.55418246965258,18.12698505309045,18.382202268391374,12.984795571001193,2.735973146061525,-7.041482103293774,-9.894047903511122,-4.516138377140749,3.031705219055418,5.919777685229029,5.073605487911141,6.245144434809447,9.264131678053404,9.879360552002098,7.855465296854824,6.227526573807378,7.038850408135751,8.538140309973176,7.794161924957052,5.280253950096032,3.4032602677789576,3.62230439608215,4.674626948041347,2.7533056961553655,-3.660805831459804,-10.94571196654892,-13.436620483738452,-8.43169838366071,0.13728261899476735,4.165026989560118,1.1713455233638328,-2.5229364547680078,-2.104026431362776,-0.001187427096523308,0.016233956578233233,-1.7292587237243762,-2.454407007984848,-0.9020627361875206,2.4288856646945103,5.049550015576568,4.148367614442888,1.1786998503174146,0.7439920649612404,3.7208150887913725,4.159693231381716,-0.9769090585960676,-4.6554183896675205,-0.9157150996410195,6.766867819622922,12.412891405843705,13.918519120381534,12.051491667279581,9.542790344534808,8.919592987446242,8.25121045968631,5.755644114906495,4.5619298655239575,6.4183262491529,8.566817761546622,7.932672464123398,4.551239883390487,1.9155201551127474,3.557337244213617,8.172907149208982,9.405429385449377,5.060511227820825,1.218200325153024,1.4218101716997378,1.4556398969596032,-2.1580271594329865,-6.468209630352849,-7.275170725911325,-3.8763415872253404,1.77870413043253,5.559606842982763,4.480792631431598,0.18819520397069311,-3.040543252962145,-2.9724167591532193,-3.7197760198428114,-10.169362543723452,-17.997359624534262,-18.89303725803513,-12.873927335148409,-8.032727608734163,-9.079930842048487,-11.313433441331853,-8.30730532241537,-1.4853295826426844,1.0086698778382015,-5.176831543477288,-15.214744043530459,-22.416819644338556,-25.627265382761877,-26.57599632917666,-25.194468611063293,-23.258068306156233,-24.609236802131033,-27.14001156724475,-25.333707643425065,-19.175799561393614,-14.623846080983562,-17.139885211482902,-24.992460448570505,-31.26283077452045,-32.5146762398181,-31.74042717790227,-31.410943968854827,-29.099328153749767,-23.369573474418257,-18.05872079064002,-17.486870158319924,-19.350866093451682,-17.5954364506643,-12.110708237737732,-8.74440142909929,-11.11377895066422,-16.153389715360277,-18.615451829697534,-17.114022740100367,-12.062814567209045,-5.2439337335014535,-1.504267624546138,-2.4428548121493314,-3.7891910506401594,-1.9778691558854753,1.342653262899283,2.9722933722477975,2.3528905894466803,0.4376759816611937,-0.07205773056593934,1.9608551202517965,2.7967031526718262,-0.009305957513173979,-3.7367007003974386,-3.339138288979373,1.7030564209953063,5.712929323818101,5.446170612603574,3.808552325179244,5.422238125705345,9.461306844164357,10.243852232840329,8.218244904834194,9.084617444554988,13.837131993620662,17.67218004995735,16.39756849839701,11.66543061443905,6.642725937477412,2.1876318994143933,-0.7282463101173686,-0.7941060888420042,1.9874553738223444,5.116285920407619,6.377994730085492,5.36178404349215,2.245137533820788,0.3673812205585225,3.2828250636165457,8.33732884529799,9.223100532099263,4.3806337102735915,0.4187457104336261,4.0060178563615665,13.397470909512641,20.102012830384442,18.114425944362768,10.044742155314186,2.9232773096305174,2.278799189622225,7.497206766835475,12.206478459130889,11.961977766702724,8.881240087969275,8.152221518043511,9.970639914110023,10.736440308871131,10.573628576701143,11.174974843012617,11.347158174930449,7.942657855634042,1.501256381979303,-2.1835812379187374,-0.5122420526499241,3.7889715403795385,7.3662270727466215,9.168324580786248,10.079366168952774,8.949818958212212,5.0676435016196635,1.501169240946389,1.4560496520881294,4.523319388831464,7.938078768611268,10.96973496732943,13.191105123293404,12.381684249747966,9.41014919482198,8.255655938954568,9.825469624021178,11.836395420763552,13.807563216325129,15.567899365798276,13.891617608888748,7.2722245263392225,-0.38641965106859644,-2.956972649638274,1.4064854303201297,7.517836307570367,10.330130972746154,9.43917240262061,6.943051002260942,5.683624481254963,6.30799375377107,7.395722750549634,7.383988535145624,5.092594210646247,1.9482386509124119,1.1841125167441575,4.080075807430841,8.311333595719042,10.277051492021213,8.816136201161072,5.625134341355878,3.928048929991668,5.110613445449129,8.037515310345567,11.2459899789824,11.294834846720127,6.08991108465607,0.20876767988812261,-0.050291894196695,4.71882649631484,6.693603910846142,1.3304557176204526,-6.654119532729867,-10.335314513552571,-8.357512606616236,-5.372944175596174,-5.286707732553202,-6.538092323537008,-4.74721625228303,1.4078073887753204,6.186213018503519,4.185009841198825,-0.46579153655587824,0.13606238188324937,6.2035704788654495,11.38446740177843,13.271095781116628,12.889237640562328,10.250122288602206,7.214151944040712,6.590744485555447,9.481488344562862,13.984732435027269,16.57731345567806,15.34068655014225,10.552555355040457,5.754001978528679,3.479773180063157,1.4039923864167,-3.08795835769077,-9.782555196447719,-15.510288653328722,-17.474955371774495,-16.764998090483644,-16.959122161296055,-20.491234668672206,-24.496965531967355,-24.378535755946608,-20.730241493967927,-17.44920776391265,-16.561135920414248,-16.69644307910073,-16.106786058224838,-15.255327937924289,-15.781474676444013,-17.887188257601444,-18.58318183356552,-15.886488032350439,-11.951628993568198,-9.594552124286157,-9.562469772610683,-11.696491025296083,-16.644571577979175,-22.411364445028987,-24.956956820809133,-24.41430814801551,-23.097724486186443,-21.12967879111335,-17.634555757108036,-14.707972740734984,-15.046180231552883,-16.050035755096033,-16.0485317615332,-18.463188619312575,-24.02239145372991,-28.939715795798357,-30.26058563333447,-28.575710232549692,-25.286564869643346,-20.925424640442493,-16.891208495748142,-14.922644864554492,-15.675709615234062,-17.174820019051076,-17.068578864255414,-14.727369077220793,-9.403479955743716,-3.26446915791362,-0.6773666768084468,-2.396057654019284,-5.39460413483023,-6.317848538973418,-5.111713656690134,-4.690457492097412,-7.336846621233023,-10.018248899772338,-5.684224589668342,5.376923212612636,14.029959435101944,14.415011809034226,9.468330247304145,4.941281634890469,2.561810355085214,1.9739197339344194,3.2148162420194417,5.705713028267951,9.942094282893171,13.499900426777094,11.079466480731643,4.83417476403902,2.341270612949984,5.1228048578705465,8.308317762717337,9.097815642509012,7.144516053004891,2.7802673029576894,1.29509059225499,6.32295839219281,12.028794164958349,11.92624983142673,8.180724381369025,6.72051784055402,8.126798305345812,9.536590091336627,9.800483861935367,9.719945229933856,10.07656066024002,9.049647729386333,5.603352860785677,2.298786080188341,2.023427169194484,4.939326500928477,8.19127689564564,10.645032607371533,13.357560232006929,15.103966181796956,14.070163224515174,10.336623139802462,6.318237467766615,5.387877932312055,7.785509491034162,10.021251011615774,9.439660553829537,8.50265681050979,10.569337102059444,13.835154194935438,14.071676602366253,10.575650225422496,8.76301986148291,12.948813863988017,18.481460262717203,18.39971693111959,13.485111427653438,11.3447488944261,15.658086688615652,21.520031076367204,22.68828068336764,17.587333653964055,9.91293199796215,3.6818418300050606,-0.08500586085432893,-1.1904570244380581,0.1128817859575264,3.8024660478006895,8.92910490341874,12.992142331337856,14.619077262980646,13.54025631027385,11.17229889869619,9.603399020756488,9.382508833605883,10.175378338367441,10.561993490207628,9.894845000091182,8.870935244461977,6.942681930176754,4.083302991933325,1.9573223291891244,1.604406462488829,2.945314340665125,4.425228421811045,2.8480058211152848,-1.514710984620052,-2.8417695012858326,1.0785260513269137,4.676961434302569,3.360629719459956,-0.431453188119189,-1.235218611894588,1.9241791310319725,5.126490966669941,6.004288474598409,6.1060504670145175,7.2662510062963435,8.41624052416223,8.644191524582123,9.132115616701183,9.552488664676064,9.28624465152561,9.626660621379207,10.398266714161515,8.899549786778893,5.270889694388895,5.012188124379854,10.148263675984811,14.606812821995153,12.776924120213776,5.430037928906565,-1.9124045200188249,-4.486068344382804,-2.8450145698287272,-1.2277280139579787,-2.0125926205714926,-2.9145965337757858,-1.251453686908789,2.045309379785458,3.894097023068827,1.90721967142904,-2.696032792454581,-5.074216686213607,-2.3152282919271627,1.5953232231041383,0.21488284805284152,-6.651241912766551,-13.343153303258926,-15.187209177802117,-12.294101657423013,-7.131666867810798,-1.213443957680873,2.6451911286058003,1.9859406621940678,-1.0558001681356473,-3.8124546745338854,-5.60928349148319,-6.5321007307215755,-7.863434490147817,-9.941427075117872,-11.454659219970466,-12.844696994112304,-15.274543964832631,-16.332505019105184,-14.088466218338631,-12.388730749385601,-14.311674865347022,-17.4542219852233,-19.967279069009614,-21.83665385476751,-20.89440544425237,-17.55174050630415,-17.32918114642999,-20.72486752591668,-21.250158418650713,-16.941900696393223,-13.635741021958317,-15.701462101959581,-20.483035165438306,-22.742879347714496,-20.41234672206553,-17.248306887256945,-18.529824730657033,-22.694498957592977,-24.203405336982296,-22.19318214288233,-21.126831601465724,-24.245722983136503,-27.600834918729404,-26.153168485025375,-22.01623097492613,-19.899252802436763,-20.719541174225732,-22.321948825969834,-22.96992248351417,-22.159981050142,-20.167984217601475,-19.132975890138677,-20.477994751934286,-21.486981299019625,-18.96985680547177,-15.70901757011614,-17.09312642542129,-20.90090884715265,-20.24296635470425,-14.6425286555037,-9.778461648961132,-9.594136752608913,-11.958249203645277,-11.991953836447454,-8.126659210774655,-3.094626062180218,-0.3447342321034448,0.5887008470791493,3.6099421160404344,9.72856675037488,14.138885737123577,11.999877765393839,5.803630595648766,3.2191205652331583,7.890485169203149,13.670676084083688,12.566992004429093,7.12082838857058,5.196499324334141,9.196928849652831,15.352725953591602,18.922629628977198,19.95251639971316,20.63754524250747,20.75106362554182,19.316950062044384,16.513805600973797,13.14863585672488,9.196772315694403,6.307145913102804,8.672300638910407,16.177866634071293,22.728306442359674,23.61047831525304,20.252336831141456,17.80074070052433,19.751182490042076,23.777922241534064,23.691603755302886,17.469841529961585,9.759730481398844,6.922777833678609,11.197372023876863,17.65065909514759,20.245409369760573,18.604514622562117,15.768516984863119,12.30027605032286,5.712856261278528,-1.1233702326502506,-1.0325300693614352,5.80269666070904,12.273768130084552,13.264231370120136,9.900351435331892,6.833395672352328,7.198742188309804,9.706701461451482,10.114627312308103,7.230322683899876,3.1661810564900676,0.27024156590115744,0.33464702875969543,1.279299625192607,0.7601289019148929,1.6140836317988185,6.56942578719152,13.450498186361509,17.76593023601015,18.281842495158187,17.07713130515512,15.59630128551512,14.433613925336726,12.660647938017096,8.311363823150582,2.0109067330901524,-1.774430737318029,1.1033557644055083,8.918198789261023,17.101380373035283,22.887404771387025,24.237010551105033,20.529641311514965,13.698257885846036,7.041439293532216,2.7593411524347897,1.773303081412958,4.131857766471401,7.440847242494509,9.540037111219338,9.872746534147705,9.560632234909052,10.358288545432554,9.55501895739966,5.615118426739858,2.810090290586297,3.271345918082586,4.366640476786312,3.2753325962471918,1.825139419952003,3.7051796013237173,8.35526218247141,12.920679048115232,15.031440829893056,13.745683224840722,9.26992851097312,3.119041593479751,-0.6566463844958701,0.37327953592955687,4.942629583115666,9.536012882602755,10.064367966710762,6.514582405622322,2.4989920328263677,0.3073079060223467,-0.5414929028921716,0.11957373304112195,3.8213591754661085,7.7632297981450655,6.2362858353276565,-1.8307811205731284,-10.100906419378454,-11.398764510119175,-7.941780552804385,-5.937202305751153,-5.579917735762674,-4.2477818218697045,-2.6428491962832954,-5.128023246511457,-12.153803395072812,-17.356405551077692,-16.236017900235815,-11.206412864185467,-6.685218662804928,-3.7385442970677616,-1.815387755558433,0.1487058431609256,3.1292468109819573,4.439105836324366,1.5569131136370444,-4.770520959553572,-13.091804184289842,-20.54382053248527,-23.56651286110828,-21.4710936853583,-18.32680969974714,-17.59145631394274,-17.412813005625488,-16.46426807268555,-16.105609445099685,-17.13471770922708,-19.225513930329637,-21.184769130628386,-22.555408553674297,-22.91206236139456,-21.87983034580929,-22.314618732879822,-27.32881736940555,-33.87380078317661,-35.29298369233737,-31.295527258894595,-26.840348152764708,-22.771937016085293,-16.71422071562129,-8.84146890334433,-3.419976439515807,-4.212141414785819,-8.792069664187599,-11.132157900454086,-8.544750124705756,-4.367675019009406,-3.7829452108342725,-8.914162433824309,-16.324604684383708,-17.69215563304373,-10.016720346507775,-0.8024532398839668,2.30107089814138,-0.41816868050905676,-3.2420188500263603,-3.37621481428698,-2.9596661852281425,-2.4636802031691953,-0.25829336373304557,3.0543515075420333,3.524524719040647,-1.268779349115822,-7.445718378468344,-9.463614368224242,-5.998888132975317,-0.5151126821498622,3.0119018207933923,3.013822425678221,-1.1250168239739224,-7.377248517539385,-11.140095492135252,-9.263961384297758,-3.0469231739159452,2.7937049042784636,5.536751216917063,5.544953162138093,4.764998060822381,4.934452790758934,6.016164241487164,9.438975735738817,15.016728547059762,17.619410761823595,14.168770688509376,6.306823460048662,-1.7494093224802008,-5.661733977376622,-4.15600124220423,0.2777211720555943,3.682928033146471,5.304622287812412,7.158493271061694,9.288590378278364,10.144330061970145,10.63997825948691,12.283672420659462,12.307965354814314,9.087769205401822,6.302300760708315,6.035290252928711,6.794283289780438,6.808019198380654,5.322373761898071,3.6091121908766057,3.9073024093779978,6.428084660686229,9.118958546223876,11.399131875992616,13.159754371469289,12.073425481226963,7.7762017838347965,2.6151569803968533,-1.2853695298271095,-3.6328456557517805,-6.959173679572659,-11.285807559336046,-11.41288890590244,-4.376514816416396,5.545505058329484,12.20834617116849,14.05390883318541,12.571014594002655,10.467919762066341,10.729167989174394,13.458739550195348,16.288430052296892,16.539223365677174,14.516040436651128,13.536624595410407,15.350622346348233,19.165331013901554,21.36056305024745,18.332055854275488,11.709730776336045,6.9441457696357585,6.72087135618477,7.681399893619808,7.495009305039288,7.926809720435276,9.014073636020935,9.641208650769979,9.7284608287069,9.671423956652252,9.35309139727811,6.739747253383545,0.9878432797765679,-4.771029238022022,-6.865850850819618,-5.5829302145539375,-3.580152149080602,-1.8779338267702719,-0.5942520883065256,-0.004650449383870381,0.042826574251147775,0.6631665798425574,2.82553202660893,4.7684887498261475,5.041091191910284,4.771452560663875,3.579926962726354,0.26335665671511155,-3.3812098760332576,-3.434659675923932,0.8737181244166585,4.293653539283438,2.071493405405457,-3.5056438242861514,-5.513574800550547,-0.5026143418243603,6.683367107384456,9.034962036905267,6.008477695936422,1.820352812879861,-1.706283229487422,-4.195743480075144,-4.088381213786464,-2.1155721285286866,0.5293143495883808,4.47830459606018,7.785611965012913,6.756586414232214,1.4610182084453456,-4.277223755270757,-7.7087566761026185,-7.932108024555809,-5.029924957758267,-1.8166824963883474,-1.1828754486052517,-3.2889975839737904,-6.217902594225235,-7.236151330966143,-5.180322488687982,-0.8065363706211439,3.650274952011651,5.008630313290912,0.8822907585341604,-7.440119931327208,-14.287894571081894,-16.224536037663068,-15.0948978832171,-13.557295270560537,-12.734939911026224,-12.282384932381737,-11.696113798363218,-10.972818597550468,-11.362990571876754,-14.82743292983136,-19.069274033959346,-19.09607551873384,-14.549842612489503,-9.798693752911625,-8.617089002464454,-10.576990727677327,-12.859316774974335,-13.890660676648764,-14.142433911211118,-14.894055504343754,-15.740527349098787,-14.897400625604874,-11.878080382555979,-9.236751990276868,-11.24245083033957,-18.04079598735258,-24.16412635922462,-24.419881527166794,-19.308746093351274,-13.302921797754383,-9.182984184274229,-8.692474374512859,-12.230359096364843,-15.052807185350186,-13.378078175582095,-10.469522666657955,-10.539131967268004,-12.676720064938927,-12.7174848911215,-9.037808385501911,-6.153336852786982,-9.635189016109516,-16.229276787086555,-16.011801550213164,-7.146618891563799,0.32040617449294473,-1.4267232404842023,-7.1277953084802625,-7.042298346885705,-0.3702336825982897,6.098049783178638,6.84032826443039,2.4172711977967793,-1.8606703706456642,-1.7792471007843176,1.2229363506274922,2.2026857215980638,0.25386927307000917,0.4379032550356037,6.972947392841835,17.28551412599039,23.44389042323781,20.353674064710596,11.133696796860594,3.1058768895577344,0.39179746156254325,1.8743405490205447,4.514249436421224,5.657450806496762,5.243772823249309,5.698196333904079,7.219896916541149,7.19661551219825,4.002510724105637,-0.4152270231215862,-2.168385190724422,-0.5840935230549746,2.0010187142228517,4.506625380094302,7.078064664414249,9.066916498672562,9.884320063050463,10.829351403701484,12.990941265499831,15.556270053457027,17.06371008736039,16.960247802524123,16.996968773922692,17.32840100606549,15.377856842393783,12.250019324350642,12.25860375901769,17.158981129608616,23.552800164409103,25.343242991603113,21.21980055025694,16.743274676887985,16.6691719804015,19.426500111746147,21.2361452402211,21.148842489698335,20.283281706469193,19.87318051569512,19.672149446623678,17.586307478231138,13.223444229371648,9.4759914303816,7.934583667992516,6.790694994521884,5.225294000574358,4.944237922108872,7.573498688634386,12.123386151324347,14.606461113281163,14.198616944208363,13.644686872642621,12.559973932979801,9.770705609658037,5.323315756766021,-0.5492644515324638,-4.4710764160722665,-2.1404179455749137,5.649319562846467,12.779670413345933,14.08610717747937,10.193347867346944,5.389878095332477,2.4183228307448745,0.8304286451831882,0.5896814587933221,1.7469406826414406,1.6943411729455082,-0.7861948052079795,-2.93544121088017,-1.2862576600168065,4.49030800952506,11.32546153869309,16.94837645634232,20.401594411614084,20.05042975556434,15.465736630305813,8.729182157430738,2.3040638618896585,-2.653772698037397,-4.9469992830616665,-4.666513442797143,-4.153553001950819,-3.8744304788832387,-2.90664911078344,-1.0401645148399243,1.7888854830624128,4.816604697067189,6.48559323209483,4.718573810466141,-0.7833553090552894,-6.718547559138143,-9.07359071472682,-6.807768626183421,-3.362536519704612,-2.7627658244297804,-5.0034782676534055,-8.1028587999314,-11.233257999859354,-12.772429095141403,-9.632533822451084,-3.5995418636507805,-0.9025164878925995,-3.525729374121827
6,8.514976389721355,5.241684068440705,9.576137529272287,16.319386279636547,18.801843408317012,17.38654436472555,16.137579321620457,15.650377765354406,12.020805701743924,3.280329514215488,-4.903796864275762,-4.48632752041506,3.833598523208881,9.93203367525669,7.885571036711784,2.8660740166734726,2.059033850713682,6.246848806561438,10.05187468360036,9.052549344965836,5.542980595519879,4.565670711328728,7.063653659880348,8.555074670286217,4.9599674175865545,-0.7683101592285837,-1.7609745918816273,2.2622526002423218,3.5333223053511773,-1.9987880805480085,-7.831035679358475,-4.49685147208309,7.501870250225338,15.835115094827753,12.170725608614118,3.061827814743692,-0.45735450487978824,3.1035857553595356,6.200086786847305,3.5711722914137702,-1.711612388669578,-2.440193711825069,4.134422019812838,11.113079265236657,10.220190442890383,3.134162658702955,-0.7629242515088102,2.7597053995173333,5.768599156590227,0.5318477422546408,-7.557834049308937,-7.753828574707715,1.6312668264395818,11.838685137231302,15.053141441552622,12.051163672934678,8.792776270230775,8.572214913546418,8.54829714637652,6.305353050280212,4.283710439864699,5.361700061495611,8.719457547647057,9.837112304687892,5.7645642378012845,-0.8155767681690236,-3.8562606468744036,-0.7781502297677925,2.688971009646238,0.9659473743335987,-3.369927946816908,-5.8897707115245765,-6.9799054055928735,-8.919590670332425,-10.463584821655346,-9.641376117811646,-6.519006674138453,-1.8020680359799996,1.801769549394308,2.055495477988444,-0.08913195398716312,-2.057794652783002,-1.9527703221271224,-2.046276345697734,-5.86129743150876,-11.712733057729295,-14.750896269128134,-13.951191584495518,-13.410035867811999,-15.622317727380235,-17.265291399925317,-13.16469582323706,-4.150913830876952,1.240916382158204,-2.1916337906158248,-10.356871004968497,-17.7556489405291,-23.497377256994795,-27.84375790272523,-28.423995568773904,-26.176942816783438,-26.42533083381865,-29.618706050461086,-31.007540821217347,-27.772471443801507,-23.103128129214248,-22.88987532249554,-28.148443260953385,-33.74278554311104,-34.56582196477136,-32.52494651346422,-32.633060914473816,-33.83432655699174,-30.879747319792415,-22.75237240805565,-15.942395592701075,-16.240494998184126,-20.710818635959733,-22.245527662802033,-18.2322696560879,-13.991271743440308,-15.416935685157526,-21.134394687226102,-24.79223928300548,-20.459773243866593,-10.421489429128151,-4.667288304012978,-7.23225682258801,-11.216401675184905,-8.512460052710525,-0.7261831597605131,3.9941432263295837,2.3718478508239134,-1.6906081083693678,-1.3641623272313126,4.343470693171767,7.5475054965590225,2.9675952151525076,-3.4235201627341603,-1.5199590704997954,7.484453004779255,12.494466633866594,9.158727141750697,3.979453358679274,5.507894769380927,12.389345574943103,14.537806906188795,9.85461166628814,7.3894865301957555,13.509187306433674,22.747518680412284,25.31970936380641,19.43884590897094,11.042237507708798,6.9859098695880455,8.764861343950919,12.299364512773117,13.966631033614206,13.322877189902702,12.26973322049497,10.791270048350015,7.1250898865582,3.4627443407626703,3.5107369826159243,6.768630281707155,8.14123225356127,4.242155649731778,-0.6579779939217563,-0.08738079082917238,6.62851427758155,13.653054997960055,14.914169349935516,10.076295722062802,4.004340311327347,2.905567045848663,7.410797062961514,12.346722784368168,13.959112990592626,12.745130271533995,12.016689225691064,12.637517668682662,13.047275889904547,13.77487504300867,15.42200355556379,16.44347902750034,13.998998166418055,8.695049461332353,5.669701372621194,7.060746996574252,10.28192455036401,11.894320196290124,12.062880563059501,13.632770478336575,14.878499989349187,12.580181627423592,8.541343295498955,6.911321741172571,8.603744035020739,10.954012139775479,12.82110105826062,14.253028473726552,14.356791262086418,13.562276886709036,13.090589946328002,13.042784115865874,13.32851496683567,15.545551219130324,19.75931694569705,20.93884016850091,14.869763801257466,4.613532054432895,-0.88924660263989,3.1701318467253934,10.413649028570156,12.704864001426017,9.379041526022437,5.294969700000069,4.9592118898460384,7.683392877093535,9.399414306755503,7.359191565808025,3.358551756114954,1.851279825166447,3.764100553260736,6.922739991652033,9.371620892710574,10.497455245626654,10.996901664109632,10.81038642452691,9.77719674487027,8.721053248767106,9.404138888675824,12.71424213046529,14.62769643685371,10.74153127581885,4.065686191227236,1.862113690238814,5.625268505238358,8.202079832807689,3.722482441725992,-4.494704676905466,-8.60623583374007,-5.961005391083152,-2.109372739763833,-2.719335530075295,-6.818548811439087,-8.333109149947767,-3.455735681636111,2.7095103208250144,2.8238763787944094,-1.7266538815617363,-2.8203262583126936,2.3551796913646807,7.6276752539815185,8.1545896065617,4.788703569737507,0.7337458767785208,-0.9739871493188978,0.04116230572353885,2.87360675185392,6.151048220621831,8.37520454881627,8.49415416963641,5.356172252662631,0.8308733899131369,-2.0618616897811464,-3.9442634593639028,-7.084819702469005,-12.112557209273707,-16.744707567490583,-18.453140597208204,-17.35507153155443,-15.86315730004019,-16.861357797295955,-19.714744122645392,-21.076717335305425,-19.61167010971806,-16.977626096513923,-15.58486606122592,-15.431258913677983,-15.175441679707724,-14.96695415482457,-15.988849512146063,-18.058640956283465,-18.516365365917363,-15.849769289935146,-11.541135343660937,-8.25183973846574,-8.10305169489358,-11.180785476354172,-16.77244412385912,-22.97238628328577,-26.804344025540196,-27.837525467979628,-27.48698868129932,-26.44897752040512,-24.923689020632377,-24.23757939875292,-25.134608616342764,-24.88093293126122,-22.805735588376542,-23.435724280731904,-29.15876531057333,-36.45125291202288,-39.7645833368939,-36.864712475119255,-30.62538532020961,-25.969099141077162,-24.610655691107624,-23.66339120518527,-20.75885679000145,-16.86663351689044,-14.796041175124426,-15.136477388261756,-13.996506935666828,-9.629433278786482,-5.695994728858059,-5.8226943483230205,-9.233695644394533,-11.484129189876455,-10.12379101113271,-7.953622619196185,-9.280143236829874,-12.23578905802149,-8.81117443742561,2.5080087356907796,12.5624873211339,13.51361783348968,7.886010894743658,3.6188084522353883,3.652722926869327,5.332389010290303,5.875540668208529,4.898194331661179,5.254728025872133,7.743088074948291,8.0006747529427,4.258628172004066,1.1855530465276019,2.941781552035607,7.697377421034584,10.95378613244619,9.089121611736093,2.213416092740424,-2.8513808191328422,-0.019082195969328808,7.30248306620107,11.167473539882888,10.232095325000785,9.833807653168186,11.831368032189307,13.212022447594236,12.592719112411501,12.216172390557567,13.828069323835273,14.426108116639963,11.063857653617873,6.374920126303884,4.934527412578127,7.685192670009947,11.297839404101229,13.2496717579602,14.19023397535782,14.663698673803772,13.605835003207119,10.012649220889106,5.977944229772319,5.74220009919523,10.038881118795203,14.131362628800012,13.247021226940754,9.468540053393433,8.970106680680098,13.067304859238778,16.421242173289652,14.330594635790508,10.294825634843853,11.335869872809472,17.219121135664082,21.09664373446359,19.69261693847261,17.42011067707278,18.60293417856601,21.94995667987306,23.69836592275518,21.414640436753842,16.52701368478489,12.533391416919848,11.133480049393327,11.274546420906226,10.880101533893956,10.825848392242042,13.499084333999878,17.94967136154135,20.621603028844472,19.58347780482337,17.02974047867928,16.2539667704118,17.73482920086468,19.345903750518254,18.84131657471622,16.64442781200768,15.088823378655878,14.941121148519022,14.670140427111185,13.081266291803969,11.35190016152927,11.745507752203894,13.687298162339978,12.599043820966628,7.167791044287862,3.2626389438004795,5.209101701151958,9.527012550792971,10.06402253564771,6.13905984091516,3.124830645337344,4.669393446082172,8.539801703038707,10.510177041186108,9.630652620218836,8.899723165819237,10.665194188096503,13.972573249430074,15.721561667243956,13.382369663635437,8.701871344616624,6.565708264455196,8.46572077398152,9.990952738851917,7.6953907596484505,5.3470095627617305,7.643136301974401,11.503325283631273,10.109700776231229,2.6966997292015353,-5.150346785723684,-8.868319188226597,-8.261376598225748,-5.974384681451568,-4.422554633329533,-3.5816293804492148,-2.536012997835609,-2.0098823215430777,-4.0476141824741845,-8.74870359566204,-12.830103384092617,-12.498658804863847,-7.637659413680545,-3.3958406109831714,-4.547758291866394,-9.884536519126428,-14.899594134915212,-16.601214046946076,-15.311871922392385,-11.868959090623857,-6.476319266219164,-1.7185000377313173,-0.2905734808592939,-1.9964727170213905,-5.117254024389993,-7.734214781240489,-9.4536429772146,-11.244792576974177,-12.724261006967858,-12.823209147372207,-13.050325020481012,-15.020905100386724,-16.356961932380685,-14.931359897597332,-13.157444796056069,-14.070428222813035,-17.109796921451533,-20.626472077281676,-23.752714787088834,-24.093168872842767,-21.480497186991606,-20.525075127337242,-23.391409580107215,-25.99334287155797,-23.8661624054087,-19.487768505759867,-18.738240196524146,-21.988030272755722,-24.582327703045472,-23.225057834738813,-21.247270556725624,-23.853511205425555,-28.379198432141884,-28.738197770134683,-24.830219958755478,-22.705748014081188,-26.74984362675841,-32.824809693353046,-34.53443441310296,-31.637931362789548,-28.277206795796225,-27.853680476557056,-30.163041343645794,-32.140263336317645,-30.766199691027246,-26.80272283762345,-24.713765958393328,-26.59048115179804,-28.581441590459907,-25.207038861846307,-18.700878950668773,-17.39966440046465,-21.83531518884763,-23.455325979849075,-17.121122256712766,-8.4198622758989,-6.537605808899828,-11.540973748221173,-14.754207016037883,-10.478154950855393,-3.0054262104705387,-0.6391061516440697,-4.4042613669773445,-6.682444840603814,-1.237173269944476,7.666096588062722,10.674302458709723,6.030050114678456,1.3199332825380878,3.902040140149971,10.03076951960557,10.203889653123184,4.278717149314893,-0.069427675974012,2.440142299946544,9.866524072648218,16.124026367223188,18.5156720036399,18.134052286545796,16.964284572773327,16.06637008469081,14.984837226409269,12.984371801862352,9.453012296325085,6.486068418134863,8.204750015469386,14.375194549186986,19.194936461856194,18.002176824949544,13.17200582888854,10.685797844447976,13.223401875959212,17.43896548503807,17.654313370378773,13.129704565967959,7.7069621068366985,6.123120917060334,10.902980517688867,17.743260124244408,20.244382157316274,17.499474426447584,13.162191095154046,9.691475295288438,5.767216026852253,1.917011951187515,1.3502595658750138,4.844593766824978,9.967448003579417,12.869705567255103,12.018194683042552,9.296814809188952,8.350950947667222,11.064900087324471,14.236057475146254,14.388917057934556,11.579264563712435,9.111637884769458,11.041889803777549,15.23874368411012,16.63185481372782,16.010683120528938,18.10401994287286,24.20504256835775,29.624496170593194,30.300811605536033,27.368556427853807,24.476198831830384,24.24197051047315,25.002110615322223,22.834639341775564,16.911054770421792,11.619447014601853,12.039088833900747,16.837087931582143,21.379816155147076,24.35826837576983,26.938286587838004,28.542493913671425,25.92285386552961,18.4134123939102,10.311489681416637,7.6739067394476805,12.17662543798598,17.655021337536297,18.414964485566166,15.285796555559124,12.984563066461991,14.166057765095012,14.162881278652842,8.769680977309221,1.9152081020282967,0.08786979332960243,4.0396136091398,7.622043304622334,6.76766332205583,3.9527936940770765,3.898388365082221,8.733656499660274,14.783484961440763,16.700994379344266,12.248417215248995,3.948781192048486,-1.7804442902109088,-1.5927216013613545,2.3319417841091443,5.703136831040339,6.167984184590836,5.067359232994775,3.850484508546181,2.7112416275720506,1.7415928872901638,2.349463269323138,6.007008688259054,9.525847843071329,7.670408409351451,-0.37850857084286105,-8.613743341247066,-10.360748443277881,-7.8078180984921985,-6.565383111383426,-6.930180507153636,-6.2973744434843155,-4.567454848610428,-5.3575618147484505,-9.670952981277921,-13.553971886086586,-13.743809724967754,-11.213958678674487,-8.453026953044173,-5.202870473917006,-1.4607165202176802,1.6107154129873038,4.236936879735815,5.3215102031543395,3.3431715230184373,-1.8551355372271843,-9.300837878855901,-16.034596049820916,-19.44635292987163,-19.522190032798974,-19.261352714997265,-20.490522898551013,-20.94732782184019,-19.83795853285983,-19.013767378664795,-20.04388652361778,-23.511736129055933,-28.311385638482463,-32.47859215879599,-33.65363308014262,-31.274874696660795,-29.03425630795725,-30.99132669724544,-35.37494530630757,-35.71243816980181,-31.051457732064613,-27.262409789078426,-26.28320146354192,-23.777559649679926,-17.15255395236492,-10.877833520539685,-10.74136926460507,-15.914540447352518,-20.05040422119664,-17.832651167368425,-11.178440721853377,-7.317904394685076,-10.911091247132001,-18.660437411318718,-20.690649966990563,-13.095140266769297,-4.152031103523104,-2.919527038922478,-8.969145914949078,-14.122629495735993,-13.387071843142909,-10.458133416150375,-10.152997988540662,-11.775577328098475,-11.201212517752573,-8.083721293893529,-7.062882818030412,-10.446742663217924,-14.436569553979853,-13.038414764165724,-5.443165741751631,2.5063016386228867,4.099359803340015,-2.1149266110042007,-9.90767383570704,-11.746968863513313,-6.556940989168645,0.38038700369748213,4.213294785147202,5.807911048910423,7.013434093039743,7.087677607817884,5.399177280626768,3.3123704365686777,4.595928836446838,9.899865677175068,14.123414162724831,13.119242655035443,7.402334832228494,0.7435975797652858,-3.5153454349761724,-4.537701347168152,-2.8995927891462756,0.25233963126274617,4.6454053122421755,10.235754543122061,14.960616919494143,16.19253713658412,14.863769308395653,14.006390456417492,12.982214953996696,10.024260244650812,6.7631637016359,5.644414927440167,7.086497145816757,8.921991950589192,8.649657753949853,6.732114909542265,6.003511963697868,7.795876112297201,10.55573705536063,13.20954671563382,14.955995722394626,13.621227529015023,9.065757597939424,3.5255837925599245,-0.6811047461842961,-2.5544628157569313,-3.807794001590903,-5.913063228682837,-6.774577688642953,-3.3990522742866958,3.4285210896348346,9.983524573957673,13.566834476498805,13.617711582812824,12.773647236611254,14.602827428645128,18.593558026273158,21.20739081892439,19.931456015935883,16.88417203628541,16.903664616697256,20.732312643215142,24.741590331935257,24.984949217269357,20.67000655460214,15.188439551339831,12.828517594726119,13.696229289988377,13.412327569526973,11.3091241605967,11.7492097273995,15.465030727625248,18.54079390948843,18.578856743635065,17.634139693905652,17.962511134944407,17.1722209888833,11.826088083576137,3.5894016625212615,-1.742308084619653,-1.1266115091704423,3.0128088852409336,6.620430931302657,7.589964949720695,7.1604659478794535,7.85755629155326,10.278397780292902,12.523245892096096,11.869254330518153,9.149993380445572,8.402785312363768,9.80441294664563,9.311508625684649,5.703496092656927,3.1834619515869678,5.439209588790952,9.324043915887117,8.740760575954923,3.435750244721734,-0.35264663452709044,2.020865478192807,7.3862924309002835,8.803580064454069,5.114846569620781,1.556577021866076,0.8935880837665344,1.1402093326267426,0.4781071475663268,-1.0915249126028392,-1.9621406770902396,-0.09321623029112125,3.3906105043290324,3.9255175328820933,-0.6966284604974273,-6.753521164016895,-9.061569698050596,-6.275224219770497,-1.4031915251885678,1.6146016079849375,1.1909904185958027,-2.364231432933124,-7.245759008538773,-10.965452892913468,-12.258036028018296,-10.953023244568264,-8.089706213422609,-6.355782393387411,-8.930923922420298,-15.688184818073363,-21.676899713769032,-22.991555391466168,-20.780741053547374,-18.475699710191805,-17.82753958530644,-18.074033060643487,-18.21544401461002,-18.24851794976542,-19.69890830571009,-23.971854539080926,-28.61297207618731,-29.61399796253621,-26.64255951923844,-22.662311100109548,-20.496713707452265,-21.224086842043874,-23.97621991369137,-26.469192303715197,-26.937169270007146,-25.419521479781785,-23.457910877049024,-22.38581392068285,-21.81271205844225,-21.465123811082357,-22.423364459158492,-25.366134846463886,-29.019864748424865,-29.956237247294872,-25.872506223551753,-18.73886814862226,-12.967302677537027,-12.17030613184129,-15.637814529408658,-17.45551758945009,-13.687354024929057,-8.831600023160334,-9.620661824900914,-14.745945478614662,-16.27984129934907,-10.57360773780696,-4.229869801557015,-6.06365466254832,-14.287271058444622,-18.158680084920356,-12.527808960491464,-4.495671593418446,-3.0605431211831338,-6.872842044825942,-7.733616771863616,-2.268815878134699,4.612629859457009,6.214723495299076,1.833025727561317,-2.793523359627766,-1.987458435218315,2.9414054499119437,5.236972762074419,2.3811405137216006,-0.19092873668723342,4.03838827269443,14.243702622173789,22.347539573469085,22.173480064749082,15.837796149999527,9.965920051841179,7.353985120740845,6.081751900603727,4.839123600750984,3.7315798277588783,3.591369679745803,5.156249044840585,6.878705203203047,6.394589863545839,3.7000438818255006,1.1554708068095962,0.15322013577507576,0.11719188708114103,0.656015982060115,1.9491202616411485,3.9377159019603774,5.6949347539614905,6.806801197033614,8.268145310510647,10.41963355459292,12.801538102341311,14.63563048724609,15.916939852115355,18.46119156265126,21.987209376772583,23.684320694713985,23.016355807507416,22.344776710515724,24.10169657695611,27.551613349894545,28.731755117063265,25.729417921171596,22.424098150396112,22.994799345400327,25.753023343768525,27.324576664958617,26.630628087442993,24.36150398830185,22.800049319185078,22.587713360536753,21.10525664319376,17.335284048065255,14.664234643870868,14.738444787841146,14.314470356707648,12.083230450289854,10.54929738300989,12.251108604486799,16.8649594771144,20.064961275364134,19.516784836991476,17.223548661450025,15.311439439010343,14.769707343083722,13.561419176992175,8.976022402969978,3.5701239483976774,3.383098183180059,10.10037675562613,17.4335331859763,18.158441170278174,12.079362404366265,5.55229508869324,3.778861266521206,5.232751136005383,6.792376349126776,7.454451449317879,6.647295250681063,4.610363545242134,2.7121963498055592,3.2506121334629086,7.215266511169176,13.284684989428031,19.593197569742102,23.606229987838073,23.173515611642966,18.283469133735544,11.818927648536349,6.656753957287673,1.9110325272903328,-2.656880118150905,-4.936712840942873,-4.2144420379301355,-1.4693171071658142,1.341741549573273,3.325683729445533,4.462751166809111,4.734854316865867,4.399069310807324,1.9743065901434882,-3.1334445536910955,-7.9751611169267305,-9.081286293143247,-6.164983109686489,-2.785446483016443,-1.7364994506206646,-2.97112842245172,-5.467039602043144,-8.297594857037351,-10.529939410454023,-10.146886726030155,-7.672022071383433,-6.777460625831267,-8.588129992659129
7,15.672817010272595,12.44842459045688,8.218216391471461,7.985692607429733,13.561278989848645,20.005169568810835,19.946843958231,10.954226211316826,-1.5358104267825894,-9.330998030190315,-9.110664067041334,-4.166372439945512,-0.460370325190417,-0.4090806365784019,0.27380864157037266,4.3490485844175595,5.870717647303145,1.113969969140765,-2.930502348740351,0.35805823976587803,7.2485650549345735,8.608920755881996,2.165009754442398,-3.557656291270032,-1.686788876596431,3.9464292493367683,5.232066182899363,-0.8792373240925855,-8.767428292695621,-11.293600021733074,-8.402775291319095,-4.023658501133302,-0.6822556419373136,1.152103735074931,2.5813267187720346,4.082342641534154,3.3421296821173065,-0.6956023583963002,-3.585479782238105,-1.375780838748959,2.7032864346365706,3.4207682986263475,1.534919312210146,1.0118008948555222,2.3033683138921823,2.9915043579687257,2.5479271561157173,2.4686800191271097,2.0193243128078535,0.13421015761132793,-0.5044958804899586,1.4548335029786692,3.82980718367647,7.053573193277634,11.8224374321093,13.583761616624763,9.397695889835859,3.066867421173516,-0.6277703724988584,0.3120283459523048,4.620452256433843,7.38021604918176,5.249031906071732,0.5786226047947594,-3.0297338261475453,-3.9473392952650457,-1.905318272696313,0.9444520553242413,1.0266522907592162,-1.504937263706008,-2.5929428947155913,-2.0205029216465924,-4.554197390952776,-10.455458382230674,-13.732424962451667,-11.406241850341068,-6.135689674214323,-1.1309799149556472,1.8220135340506332,1.866241172159361,-0.29694451069772043,-2.4458380974201503,-3.4661245489581827,-6.101288987468497,-13.043890944119058,-19.670457925531704,-19.45840585515758,-14.335263512867183,-11.263955446232366,-12.760139289316566,-13.464745800706517,-7.626934668470241,0.5452764933836072,1.1164039677190072,-8.271651563813958,-19.98763850771121,-27.24042094795447,-30.503759521897734,-31.065747773553397,-28.014720093209732,-24.783949445547712,-27.04535032975769,-32.289415804721806,-32.32199018750103,-25.429837672205412,-18.84604585115686,-19.9330651517253,-27.67403818228094,-34.61687439365552,-36.69520518776264,-35.64531409107232,-32.692001001681334,-27.19405173360836,-20.48277352182659,-16.82113644182891,-18.106794421867594,-19.680479777133126,-17.182060855156273,-13.574918989029747,-14.645104449878824,-19.776751578472737,-22.43767260560752,-20.84436802138703,-19.0127877160194,-18.004629992222014,-15.242236233865091,-9.969718946208928,-4.1494545705084915,-0.3489231784289739,-0.22015478330447724,-1.6062279750712962,0.7145626331964401,6.596821404730771,9.133340555439197,5.941596165218609,2.538984032811184,3.1976515297711328,5.65548639870098,5.422103404747407,2.962595934308,2.816343035743488,7.028540703136544,12.924871280271564,15.779855304571022,14.893523592585353,14.117503849818917,15.512517732503758,18.88652580137982,22.85979666002251,24.696739666174235,24.014522075240073,22.996201504787617,22.595383496240615,20.092187154255686,12.954955180177706,5.872847704733125,6.189236146371421,13.253028326641726,18.925663089309907,18.07508659531491,13.696830347753824,10.447093923488918,10.011869776307705,11.980185639230953,13.392807417798196,10.928051602056932,5.615165212397944,3.1731678525337976,7.192174021123847,14.269784297518981,18.41638521404309,16.011311494639717,7.985033790248856,0.426552283222712,-0.6144540687416402,4.383562378036629,9.418491399723626,9.873794940421396,7.728930355434823,8.081983445176434,11.227644741612387,13.31107263264138,13.417706190950447,13.902844299486272,14.60882173299311,12.249372662013023,6.560044031568225,2.739051895855699,4.933416368340538,11.104224813612314,15.951410758615891,16.571761023410872,14.151176360559521,10.644894630532814,7.362540288138744,5.971698882420771,6.594083451386155,7.367548701548836,8.437271802034683,11.323053215561783,13.749244275919823,11.089401164337263,4.697212930977505,2.1521567777306165,5.625893250179743,10.135812723771359,12.504224303558487,12.221182461999632,8.793997520958806,2.7692303870029527,-2.9410732991423787,-4.635334937562075,-1.8170214955016437,2.957800120441304,7.2422756041302065,8.775473533865968,6.2888650895469915,2.633181469951334,2.126954995825953,4.540906547758929,5.664965494936121,1.8921021434539576,-4.742841402291454,-6.928072145372492,-1.4432958090596806,6.162181643272675,8.084109950118098,3.414421702568138,-0.8149232729771079,1.0496702396779138,6.038104651730297,8.036281736129286,6.532813383038835,3.80594052912344,0.15114851471092017,-2.9433806717836006,-2.9885789298037277,-0.554523330966088,1.1101283586282875,0.12252674886202897,-2.269322737305643,-4.608685698807731,-6.113208351294514,-6.382285691311182,-6.269970537798001,-5.9864578719333,-3.7880894280481545,1.5236261987057098,6.42335353775289,5.981190642845117,2.770380302696804,3.41444506821005,8.191188674093885,12.20055353221028,12.956576700756754,10.395645559135467,5.083502697837229,0.662589526894994,1.6672015798997357,8.290358486344385,15.458930994163246,17.696248370298953,13.951506814196001,7.03376486240183,1.6495321737934905,-0.0018942105729564673,-0.8661963674605211,-3.9245345179825826,-8.876725896474241,-13.386615983057549,-15.00477700041371,-13.932357211285394,-13.15264437774825,-14.866901422157596,-17.064101923018725,-16.206659754967564,-13.297973304655915,-11.784685276295246,-12.32956128994159,-13.28820624264936,-13.030406345497903,-12.142399809716082,-12.509153920869252,-13.980526323331317,-14.516028642086706,-12.64778060778923,-9.458406161624035,-7.9897153648956625,-10.203510492722545,-16.118775076205615,-24.228837280118125,-30.82429252234987,-33.16472168701757,-33.03480301693857,-33.03174810406978,-31.765570067930547,-27.21568870460011,-23.035293188490357,-23.755800878245758,-26.612204307541877,-27.34885839565544,-27.659713087428365,-30.31045660781901,-34.43325623218996,-37.71984498936686,-38.19067531289879,-34.4762458265661,-27.193523212440613,-19.930675468145463,-17.355539626583752,-19.626039671487703,-20.567577626193213,-16.715997023812257,-11.674199809598704,-8.962944007577606,-8.788750635884336,-9.274176510204596,-8.09129389007665,-5.43808790717081,-4.146610510512062,-5.436314199269413,-7.300946731322408,-8.096367167660759,-6.79969912125364,-2.158396494415487,4.316945731209884,9.146920398022582,11.245760157095415,10.947069628770661,7.192846576770393,0.8099830731065296,-2.543558525600525,0.9570692231693894,7.522041055200972,12.095835313823969,12.42564871695599,8.655591192927748,5.810416511208554,7.785802884178237,10.710648694387098,10.488715647299168,9.382024346943531,8.948781397053459,6.76271129731165,4.825670007957822,7.628188929150673,12.819369035547332,15.20388652706172,14.470542310955599,13.353122865137108,13.200053268625261,14.112870129068623,15.55056120660168,16.92073070601199,17.9531283947399,16.75805652913606,12.358947232189085,7.7927995476862,6.651183096968758,9.212333118432353,12.76448391889889,15.651067574684035,18.017272242876587,18.82285956396118,17.126380126138557,13.502691973154501,9.490636517464445,7.816762607803433,9.573429514638478,12.249411171447484,13.50925474841136,14.047807791043887,15.020446147116193,15.68658729111892,14.86616475067496,13.023962157881488,13.289615895053922,17.86661492104722,22.73097787124896,22.121665495247115,17.560833344069927,15.658370909896398,17.89121915339672,20.183002543265346,20.596080599678437,19.21083310379463,14.77219590289797,6.901124741280746,-0.49489164703454946,-1.7897890122750653,3.4534335476690803,10.222564787077605,13.53722451384846,13.031443896174665,12.295593543198239,12.775896415206816,12.465103548510015,9.908257450745912,6.95383142195654,7.189154993145346,10.149117939776938,11.382812770991576,8.477771371500229,3.3537278059373996,0.612793236791578,1.882645944295528,3.195021555262232,2.03310535918557,0.24372335550855073,-0.9423071851016598,-1.2623152908036994,-0.04776220252995156,1.283492618802898,-0.007949897709425002,-3.2036065846582193,-4.4905373510589985,-2.4057598149887003,0.5321015991371318,2.2908942625906787,4.605573165999268,9.233094649356046,13.312223670764284,12.689129865028342,9.4311918247096,9.429343945660595,12.541309507295074,13.605263678415861,11.1124787677426,7.7761238938972586,5.661980476720604,5.595806982635511,8.489870995099098,12.332589758795127,12.648388341156608,8.615874985034644,2.7654503508623716,-2.4349089007009326,-4.961858140157869,-4.569858813441349,-3.5958541939893767,-4.0494049871299636,-4.496629403131559,-2.3724035143083952,1.5820182720367768,3.9971244504138497,2.304907371945493,-2.2003168227215326,-3.9082608890301174,-0.04198499219807594,3.9885103287424526,1.703188445994007,-5.750378743687448,-11.534285023193295,-11.152732813348857,-5.93435778814213,0.4684285171975091,5.808714034943435,8.249466092836498,6.781130228688861,3.5893472466568572,0.8512335283922392,-0.8711358733249719,-1.5592996482762012,-3.1857906801966207,-6.3100882651639845,-8.584730552533387,-9.992221753108332,-11.73656557488669,-11.909770553261051,-9.497340310422828,-8.756250052292499,-12.367467971171731,-17.135305650193366,-21.56005766376714,-25.924019814789354,-27.105026481368284,-25.048687416969802,-25.3867249341162,-29.07473768859304,-30.17948767070893,-26.51546479638448,-22.82545610971441,-22.63023014198896,-24.765920206744294,-26.363931720365212,-25.719246932432565,-24.666177433832473,-26.02087599356347,-28.712197788073645,-29.811626302513606,-29.345687067213532,-29.914397104351117,-31.89654970995629,-31.76679115356793,-28.45786389309135,-26.287132285330397,-27.139964451422397,-27.924229737935633,-27.75932293040144,-29.127553685582576,-31.74453819504403,-31.494567923256607,-27.164097206892393,-23.156014666501893,-22.230757869601284,-22.160466253612864,-21.355218879771584,-20.098749563739315,-17.655534510249662,-14.515965231995148,-13.571241817092574,-14.857000776677065,-14.849219981986272,-12.679629050253816,-10.974377579557155,-10.863972106343297,-9.642828835425012,-4.631420065881198,2.525031316205264,8.0574446651579,9.836672391129191,8.343880242518878,5.703432664199392,3.719539213278898,4.265939435669198,8.839189524665972,14.155336842223566,15.319840110381037,13.485933255725165,11.984696036441088,11.29417024634732,11.76453696558966,14.795335770460497,20.638346142237896,26.04016334993184,26.628908488275872,23.119926035267227,19.92542411530149,18.085407604079055,15.075486055867609,10.950883388353777,10.72745242705496,16.54940928985799,22.354218696152692,22.33987687706155,17.597760960035657,13.83333913833544,15.58871897334961,19.891072744422,19.614152944818077,13.382043245617396,7.145910207224652,7.166732322530173,13.702314888879817,21.138411277562472,23.94693660584277,22.009116443431754,18.531031725972234,13.63042395536101,6.044346943152441,0.693094287899378,3.2661953096309233,9.961088530704885,13.633043352182934,13.553322559921495,12.513070446922953,11.967731479097655,11.96678115930038,11.319691734810348,9.747071029234668,8.698078381188171,7.624357351080548,5.172851289610863,3.0734768674893616,2.9270388334812623,4.520227801235828,8.185728022658548,12.945139702102983,16.500674901763055,18.748385083707923,21.171601948285723,23.23439644385907,21.961120845669242,16.72565491756498,10.645823776289784,5.457230268949683,0.7176844998908045,-2.472481030129458,-1.2021377528052497,5.909274802390875,16.25595397306522,24.139231853053044,23.9326912625013,15.531258533518068,6.106441896222093,2.112680349543698,2.121339677623231,1.5205751090417081,0.19829739898321286,1.2229721338252633,4.690820556250678,6.626963834107924,5.448041449519248,3.9583847374346526,2.9499518217677387,2.206319111164717,3.2627406620956716,4.703978715642625,3.536082742277439,1.1905050414545686,2.4365394522013446,8.151764589126927,13.242254232967683,14.777688662121239,15.182624700830782,15.722055699950097,13.796707100330417,7.8035643718475765,1.795168905334827,1.244475070780135,5.971650536715421,10.568529992950932,10.001478526660664,5.566208993119332,3.080433259717296,4.193368428598921,5.326735313994565,4.831835347919119,5.109012654735695,6.436864765903152,4.6140672419996935,-2.4952245217418785,-10.148987857119787,-11.761087875358808,-7.709371816145984,-3.3552051378760837,-1.0762567448900597,-0.6394237165206214,-2.689600803291924,-8.326847374312276,-15.528830450636537,-18.928335957789486,-16.681907487838004,-12.034940286389103,-6.7749530768449056,-0.6973728470311436,4.732884435917622,8.198770884388392,9.870988688895821,8.597899173281702,3.2458295287408667,-4.508136426415465,-12.788653537569648,-20.07893799938737,-23.53896639144532,-22.336453060691976,-19.874295006367653,-19.147763090628857,-19.378948990370795,-19.589606603984272,-20.622126584637087,-22.103269535996326,-22.73077829320182,-22.920517200379646,-23.939489614588513,-24.896460472829453,-23.480598633753523,-22.182614357839164,-26.33577946811177,-33.548950726667584,-36.16621908030061,-32.932250947909736,-27.929951477356298,-22.23602332331921,-14.97102475942149,-8.650513452037494,-7.225455112564372,-10.750036485594315,-14.447829762278491,-13.856729750259541,-10.634596110842462,-8.948992515584855,-9.598963265879414,-12.138312913684413,-15.773227286786678,-17.03056820268897,-13.016618754894285,-5.690546421427783,0.2182460144115339,0.9854553291973893,-3.2259426838629928,-7.762500097871513,-7.853957531755782,-2.725785904776065,3.354930703418699,4.151044517419556,-1.7822263366429354,-9.032813501400103,-11.252956936444281,-8.180583829200552,-4.802794563579614,-3.6532356231854166,-1.7324807889981582,2.48002387675011,3.5591675222740893,-2.7484050501152772,-10.364420582573892,-9.523814232138601,0.288747714522259,10.110537662549184,12.386840846215637,8.13437721147272,4.463940523142288,5.63620835288752,8.878785124251444,11.735899256079595,14.861092560779873,16.917270392969954,15.651348530493895,9.712342855042525,0.2533252376220254,-6.542901359699023,-5.441207812797543,1.2618284985300718,7.235538796445525,9.941886190351907,12.100763400352527,15.20926208671984,17.541139700291875,18.98945261189494,20.0418535639653,18.83000170183612,15.006280939856683,11.616820135394075,10.889121246857972,12.450709657645056,14.714269620291354,15.297448134154248,13.395690188395118,11.360184663122727,11.19493487690384,12.802794018613728,15.550025127472065,17.410179539253303,15.630600252764818,10.912372231282031,6.145281765817501,2.312315432695005,-1.7456027535073133,-8.055278591639485,-14.575437629766494,-14.633390840938505,-7.261101268236392,0.7055006073023016,4.676068519912203,5.689755803685538,5.601493189081019,5.651493567379788,7.536588602899652,11.467787373603628,15.445504102536146,16.99433330239812,15.612445747090094,14.056656229515031,15.414673748015474,19.348632089432094,20.95504676579266,15.513369372751015,5.73401558555863,-0.035046430686414,1.6479700115761826,5.044197315398437,4.555209901473729,1.7152784195668467,1.0489756365677412,4.7931533966331905,10.098456915702707,11.390860245355675,6.6941056924495275,-1.076202324408233,-6.96508273404819,-8.018426523414185,-6.646370129813331,-6.653063747101397,-6.523409841384153,-2.2581231227263427,4.675786281660395,7.918022282023471,5.115621471178674,2.111349155680447,4.747205009987399,10.150659022474281,11.942645400030276,9.056313147548995,4.4428655272326765,1.3851386735390534,1.8767726003272145,5.120162564991368,8.192674164642801,7.544778478426572,2.6749018808404195,-1.9680108021442724,-1.8109331465721432,3.1297019172588385,8.287868823763581,9.785831317397179,8.627407716360722,6.393192307191821,2.567546596930053,-0.5694183268523645,0.6219719271046031,4.239974000689061,6.339124406140558,7.087629397816692,7.522034323336825,6.908499731565934,4.854725889335931,1.7184326416667446,-1.6969512221402807,-2.9747635285830345,-0.1958892960008498,3.8984778464291203,4.028085818150892,-1.6163326417876824,-8.915254192116151,-12.013790007069996,-9.369543365556876,-3.4921309051579215,1.9652209166716226,3.1148587212414824,-2.2841024947089714,-11.67123244860975,-19.19366783079463,-22.33823351695554,-22.89198030016615,-22.07909774892142,-19.55812810763776,-16.052910403389077,-13.872490279340836,-14.362724257677908,-17.380280493740095,-22.36594621929016,-26.543317283909964,-26.47894887373493,-23.492915530712136,-21.668870463429432,-22.07042117593552,-22.757811313802733,-22.141120997608457,-21.056955378173406,-21.83778077743178,-25.080590833676382,-27.189047409597435,-23.744122922605698,-16.44545337389016,-13.068621591252105,-18.67226522135401,-28.276398502161996,-32.188915315772945,-27.83844569155667,-21.23015301675511,-17.664183055043253,-15.795315147705338,-13.424962370299848,-12.404800895464117,-13.300332401067434,-13.95647800845856,-12.745632565241294,-9.344154801902562,-6.680333472523047,-7.651795298545377,-10.478277293863746,-13.039282860556812,-15.522441325617262,-16.30206902586462,-12.439803821153244,-6.383076504013266,-4.549838909330184,-7.661895146891538,-9.823110197814277,-7.32799978541601,-2.534959376670148,1.4402201215065098,3.7793643584143073,3.4860119226948294,0.4676412158259122,-2.339693574538628,-2.312782333888828,-0.49885679435802466,0.718967919206742,1.9478940203592572,6.123077783051965,13.917485005906496,21.41589444065705,22.62828676735308,15.81138303567445,6.433388104193963,1.6833044876576206,3.9071515809809476,9.014677954284723,10.651050002735046,8.208015179726942,7.314033851492182,10.487406954553615,13.001481045938977,10.330483091192072,4.9277420000484895,2.022684749987558,2.280231132652876,3.6991248018976073,6.517510275472743,10.448444456231439,12.680492702636155,12.199222593938774,11.386542695654605,12.66402006421994,16.233927648320233,20.201753216226333,22.52063629357655,23.87869950293802,25.289685536277226,24.966178730230375,22.547806612410938,20.93820706286343,22.584660836256248,26.4487126436777,27.541009027035987,23.532178128897826,19.081125795744168,18.736480908037606,22.181019651091084,26.116091467116703,26.910732247679082,23.916530972421217,20.456213394239754,19.673763392009228,19.394378131909402,15.906873578197557,10.117693201869246,4.627562121758854,1.1522396934717989,1.241493031326927,4.768895723685693,9.638104858884613,13.216238773024122,14.186167192409053,14.508581437773369,15.302923470260334,13.517279854386713,8.826624842054013,4.293648779990365,0.14038233043659387,-2.526165477068119,-0.02161623082001407,7.1544745157417395,14.185928757956779,16.673112105066874,12.940907078378494,4.936680498432427,-2.9424541104278603,-5.9403979919562815,-2.125638415078308,4.005619504610779,4.819329350085717,-0.6604551589302341,-5.105558124498566,-2.7049550589565694,4.700027056912117,11.532645065485928,15.76144625988583,18.790982343716728,19.315477688614582,14.855373223747634,6.440211898394928,-2.3290308209735997,-7.3956378044816855,-7.20310582273458,-4.93760604465964,-4.425247897740821,-4.601533601023958,-2.430544693347128,1.5245559921380405,4.727167075944303,5.851686758067155,4.987712881589356,2.3443978356304402,-2.058414262993468,-6.183217873536593,-7.63326910841154,-6.7209572677312295,-4.752165904273253,-3.032426498724316,-2.8655898870483156,-5.395126183980366,-10.249615778633562,-12.242719752765463,-6.637840747260899,2.0888956307303417,5.2988646676192985,0.9162462539954497
